114,104
156,170
193,153
37,179
187,107
164,32
58,149
188,18
6,74
65,96
70,41
130,47
197,35
112,37
34,78
85,199
89,155
8,96
10,137
83,127
36,173
182,7
121,48
118,81
20,24
147,7
123,129
127,37
19,194
190,192
57,143
125,118
52,121
51,48
133,69
199,5
44,42
122,178
168,38
83,148
168,84
94,158
78,1
152,183
95,80
98,39
2,60
171,105
163,83
47,125
120,150
75,17
148,158
142,196
128,190
108,172
121,46
0,48
155,59
73,145
120,7
174,49
143,91
180,57
41,70
19,74
117,141
100,58
162,185
179,142
3,52
100,104
86,156
187,16
170,61
194,84
153,33
172,131
145,64
196,188
88,85
58,85
159,146
52,183
187,12
71,165
115,20
194,165
68,5
56,18
132,124
69,0
100,143
171,22
7,33
89,63
166,86
124,8
22,88
186,82
24,199
7,105
68,158
10,167
71,197
74,20
84,110
122,91
72,143
21,195
148,187
55,1
197,19
75,188
88,123
23,110
87,113
199,91
111,79
46,136
132,6
76,37
92,125
3,128
159,42
41,104
162,176
110,139
9,62
9,63
65,82
23,130
173,160
9,53
68,57
97,29
99,25
44,183
97,74
10,160
22,186
115,115
102,62
193,60
71,156
62,49
160,83
36,190
132,156
20,171
27,102
144,51
145,76
73,34
152,153
90,88
109,27
189,193
106,129
198,160
90,34
79,48
24,167
112,89
15,60
99,56
66,190
63,94
49,95
3,47
162,28
133,121
121,94
118,75
165,92
104,181
97,67
125,190
28,52
188,33
102,177
37,118
93,129
25,130
97,196
100,163
53,193
38,78
53,196
143,198
21,54
113,21
45,129
116,85
88,18
18,184
5,0
145,34
88,108
82,167
184,196
79,189
119,57
84,59
44,93
161,177
138,103
60,22
92,103
182,56
97,25
8,132
180,95
122,86
183,183
167,14
77,69
147,156
125,73
181,119
127,74
115,93
155,126
81,126
84,60
169,34
88,131
160,189
182,10
110,141
17,39
154,155
89,38
123,185
8,65
147,59
188,130
151,121
149,41
149,65
199,67
69,4
93,42
69,76
188,102
56,134
70,193
2,16
136,68
113,86
11,177
79,170
103,187
172,199
31,115
68,27
158,196
0,18
117,191
42,22
34,116
192,28
142,8
40,38
154,112
180,178
149,154
63,21
153,53
153,47
171,21
159,119
81,198
21,73
135,186
110,114
178,180
199,33
114,75
2,195
91,121
44,135
85,118
177,59
55,78
118,139
153,186
121,184
188,61
94,103
32,154
11,75
30,36
38,113
51,88
151,12
165,21
178,62
14,125
95,32
163,68
79,143
167,102
175,136
129,103
154,163
97,161
97,17
46,93
157,90
42,60
184,25
170,85
112,155
70,12
15,108
110,114
93,35
155,29
64,35
144,156
57,197
125,21
156,98
154,138
128,29
39,162
43,16
126,55
92,60
77,172
194,104
50,171
189,122
28,63
144,195
126,126
47,1
37,128
72,94
57,99
154,108
10,76
148,54
188,168
91,124
166,91
158,99
196,32
153,48
173,58
137,198
51,139
196,126
97,115
25,182
147,18
49,106
51,179
57,147
197,139
81,91
97,182
120,108
11,67
33,110
99,29
172,111
60,97
67,53
193,117
155,163
120,16
139,89
89,60
22,85
36,192
180,121
100,45
119,107
96,12
60,158
84,197
46,36
144,116
112,107
123,196
172,19
156,18
24,102
44,149
112,86
68,145
123,181
109,18
152,157
119,153
131,114
161,41
187,36
139,66
122,111
160,87
4,106
150,63
193,137
186,49
89,129
171,167
193,87
96,62
159,23
88,68
121,22
118,197
51,87
171,132
141,81
59,15
133,105
146,165
65,20
76,0
88,54
84,133
103,142
100,0
33,153
69,92
105,6
163,180
155,22
143,105
149,99
199,184
171,189
96,2
145,72
196,112
158,180
118,55
131,63
148,82
170,0
71,0
49,20
25,132
177,157
117,35
57,84
167,96
79,12
54,18
114,117
198,128
178,182
108,83
111,101
197,88
1,57
166,37
36,162
167,27
109,125
54,138
184,124
45,77
107,135
87,32
150,46
112,138
147,61
52,38
147,20
73,107
67,113
175,9
106,66
13,85
151,109
130,199
108,169
151,83
127,138
167,148
152,122
48,143
121,6
145,53
110,129
15,150
126,12
176,153
7,33
83,14
155,19
191,44
21,75
193,27
133,115
6,126
173,41
42,144
125,29
65,135
159,186
61,158
189,113
173,167
147,154
70,20
196,33
69,129
113,84
36,11
55,39
105,169
122,153
137,174
10,22
185,31
65,180
195,98
119,142
58,189
66,109
78,156
12,21
94,32
111,178
21,194
75,166
117,8
102,106
121,156
21,2
168,168
109,26
39,119
193,88
179,9
2,134
108,38
58,132
164,57
188,184
96,127
108,114
185,25
64,109
46,129
90,152
184,104
76,129
155,61
110,12
156,157
22,66
30,18
172,66
178,40
22,83
180,150
112,31
191,164
175,54
102,140
187,133
41,37
78,148
5,65
192,75
168,179
25,140
22,181
162,141
175,158
135,160
125,73
2,39
110,179
91,7
20,135
13,160
59,30
138,191
116,161
16,180
113,14
2,94
108,74
190,108
142,187
126,13
47,9
44,154
151,28
134,43
87,158
102,196
128,131
61,18
64,191
93,177
171,49
107,133
121,22
123,173
47,59
64,162
18,59
82,77
137,91
179,161
99,134
150,192
14,130
173,131
181,150
99,49
131,136
78,87
30,172
42,29
22,176
61,87
22,196
189,72
28,159
65,99
36,176
85,52
185,194
120,36
57,42
140,94
142,121
55,7
48,155
143,65
73,86
129,156
92,198
127,13
104,100
161,46
151,14
171,51
29,42
148,51
143,179
177,186
171,31
106,182
99,12
89,40
159,53
112,188
65,75
145,29
152,28
127,132
183,100
60,160
175,36
111,31
0,50
131,8
81,140
166,4
84,38
49,88
12,173
91,161
182,85
88,129
72,41
161,59
112,98
64,197
189,1
85,12
149,66
87,158
94,116
52,145
86,105
92,5
13,176
53,50
2,146
17,100
193,142
155,105
187,154
59,0
142,38
75,138
187,52
66,150
51,174
185,93
52,165
119,15
69,81
114,41
164,92
164,94
160,20
117,175
52,171
131,113
28,198
182,69
64,50
172,86
168,19
133,146
103,182
181,146
161,118
106,94
82,186
102,161
130,143
158,166
99,32
32,90
52,72
16,150
197,6
81,58
90,15
58,64
105,192
194,29
108,38
152,172
70,1
89,179
2,144
124,69
157,175
72,185
171,104
95,156
138,115
112,7
49,188
197,98
163,64
72,4
174,180
38,173
33,17
127,37
171,61
44,15
183,130
175,10
1,186
86,59
110,119
153,158
80,171
191,104
84,165
31,124
36,199
37,151
82,175
72,68
158,105
136,65
154,115
101,81
14,129
176,10
74,121
176,99
192,122
168,164
72,197
50,98
82,147
4,165
94,47
116,77
59,167
88,70
182,28
133,10
36,91
131,149
1,181
197,88
175,192
177,107
26,195
137,182
5,6
45,180
186,59
33,155
142,102
199,43
199,153
24,73
162,133
186,30
157,52
122,53
21,76
93,136
122,97
93,114
24,59
52,100
55,40
184,48
23,13
185,124
56,174
95,48
141,60
21,83
155,9
89,105
83,55
69,1
175,18
52,124
146,149
37,117
156,90
42,62
63,196
188,161
20,53
173,162
25,9
179,0
185,25
63,129
87,13
41,5
65,191
124,68
189,124
121,90
183,75
126,125
185,51
11,69
66,21
87,100
2,97
162,149
23,170
21,130
89,13
165,117
133,14
184,38
106,171
121,4
182,109
132,184
148,91
23,141
172,195
5,17
95,89
91,110
116,43
139,25
184,73
9,58
116,19
129,100
48,57
197,89
189,143
41,38
40,132
29,36
66,51
47,29
79,78
128,139
163,158
72,17
86,153
117,97
178,100
59,84
127,187
122,36
196,191
33,136
118,105
84,157
78,50
94,175
156,57
134,54
127,116
74,140
94,125
25,89
126,28
46,23
23,45
123,14
179,93
22,120
41,163
10,44
26,159
94,63
35,172
119,62
138,196
136,98
107,133
131,51
11,137
172,99
90,74
104,41
180,22
187,119
167,56
73,61
81,139
92,137
175,104
104,29
86,195
92,186
119,103
71,163
24,20
27,33
119,97
193,33
197,65
89,117
38,189
78,34
170,87
76,51
67,161
181,109
112,52
10,28
46,61
22,11
113,94
81,8
188,14
68,33
104,130
157,119
22,29
95,170
156,174
99,135
86,155
33,176
32,90
41,78
60,157
97,41
156,51
123,29
133,100
183,113
123,160
121,129
80,186
173,172
186,55
14,41
2,51
134,63
30,142
23,67
192,124
38,92
128,155
57,131
51,120
75,165
101,91
45,126
135,19
120,159
100,83
196,10
169,49
62,144
192,150
151,128
88,46
53,157
177,81
114,33
51,35
134,145
180,62
13,105
23,76
194,117
102,147
199,68
189,169
173,42
189,11
160,59
151,7
0,128
87,163
94,58
19,44
64,151
149,51
146,94
75,192
75,57
31,11
112,130
72,23
90,17
165,99
187,19
196,118
166,7
181,141
144,52
91,79
37,96
110,59
101,40
102,132
82,90
85,78
146,150
21,162
101,35
77,185
20,116
56,17
13,64
13,94
134,14
161,48
36,3
29,17
12,130
133,87
96,163
73,118
189,92
81,7
166,22
174,140
193,129
88,92
163,117
167,133
189,139
26,62
103,190
30,78
178,0
115,68
190,141
140,169
196,84
35,106
126,113
173,38
15,127
17,104
120,40
191,114
70,64
129,14
121,25
192,85
27,198
115,48
134,47
171,40
45,13
130,87
58,172
21,70
72,182
159,126
119,121
36,42
52,168
77,157
22,80
168,44
53,70
33,191
80,22
98,154
0,89
191,18
22,56
142,5
83,0
52,113
20,157
197,77
69,80
128,39
120,194
47,84
140,157
125,84
77,123
63,126
26,195
151,170
21,143
77,130
128,108
73,131
170,76
86,97
67,167
178,70
173,110
104,46
50,156
65,189
10,122
185,34
89,102
31,149
18,166
85,82
156,195
145,99
190,42
18,118
125,138
107,185
152,67
110,148
191,166
112,119
149,23
106,59
152,98
120,83
92,110
140,65
74,149
100,102
160,164
102,161
60,57
135,148
40,150
83,143
7,7
54,15
166,176
50,191
27,190
76,62
54,76
119,172
22,41
129,117
23,147
34,149
76,177
151,68
79,159
119,104
85,75
157,196
21,172
162,135
140,111
109,108
76,0
76,3
25,114
166,193
69,100
176,106
44,65
62,192
170,113
115,149
21,185
16,36
105,80
44,65
94,192
156,87
76,187
13,199
38,76
60,147
165,157
19,163
77,134
158,134
50,179
33,110
30,174
199,100
134,185
128,45
30,177
68,156
124,122
179,103
37,180
186,49
69,57
21,140
155,62
137,120
180,81
73,8
148,146
133,139
24,38
86,62
122,103
74,104
146,127
188,133
137,112
73,82
73,12
97,3
156,95
146,159
195,177
130,75
147,85
27,155
51,27
190,96
199,130
31,96
199,164
144,158
149,161
148,37
169,16
142,77
14,21
147,78
199,162
156,15
2,139
165,121
116,40
142,109
107,144
144,109
98,156
104,149
110,98
78,188
43,118
144,91
70,162
125,183
152,102
116,141
144,29
188,31
47,63
106,192
197,127
183,14
108,181
192,163
127,144
99,85
96,52
78,169
62,142
121,74
190,5
123,129
188,191
138,155
101,7
191,29
192,177
88,61
171,65
17,199
21,117
186,113
82,178
6,43
8,43
163,197
190,45
113,113
172,70
20,169
82,143
152,86
121,169
46,64
78,48
120,192
68,185
109,86
76,136
199,99
119,178
36,160
188,71
162,70
107,184
191,3
138,165
112,83
63,36
170,184
55,84
140,193
61,162
189,88
98,70
84,157
24,193
88,66
29,44
76,198
114,30
83,173
52,45
118,91
67,114
69,25
23,98
45,177
159,69
92,115
169,189
95,152
102,197
39,189
31,165
32,74
87,83
131,66
94,21
26,52
62,103
170,139
43,129
117,137
176,146
42,100
19,40
193,90
123,95
120,56
17,193
118,55
84,58
24,150
192,140
123,125
25,79
59,25
49,155
32,58
189,144
37,199
117,185
145,46
67,94
51,189
187,100
73,51
19,84
190,82
24,137
136,119
159,73
179,169
132,54
94,156
41,169
67,113
168,100
95,90
22,59
89,36
21,185
175,19
17,75
142,90
194,118
193,193
27,187
115,32
176,195
64,66
143,39
157,45
77,0
132,51
196,115
167,199
141,130
14,39
10,52
139,147
6,158
85,149
158,66
173,55
194,118
79,170
176,157
115,110
174,164
128,47
103,59
9,142
92,144
95,146
92,25
5,66
17,53
43,17
7,122
70,94
181,157
100,35
146,28
172,135
130,193
122,40
77,117
160,123
138,48
59,180
97,88
139,186
169,74
187,60
22,134
59,59
185,105
61,59
189,170
42,91
65,70
179,165
56,189
69,12
183,10
195,132
78,137
142,47
178,91
158,65
142,7
3,1
175,41
31,184
110,130
64,48
31,121
135,150
70,67
165,10
117,72
123,11
81,46
141,7
145,11
153,139
68,117
94,57
13,18
94,152
148,193
157,56
155,59
196,77
138,36
25,128
127,164
110,156
15,134
160,172
117,134
26,131
112,67
190,62
181,9
80,106
12,6
19,146
79,72
58,98
71,172
119,153
186,43
144,160
7,15
81,78
176,59
188,155
37,81
164,87
175,0
53,27
111,134
23,30
62,155
27,176
93,141
182,93
67,113
79,83
21,150
59,130
152,161
81,65
29,45
27,98
185,93
13,143
98,168
31,100
137,131
114,149
144,51
125,109
13,23
95,59
77,175
76,155
185,56
84,3
57,162
61,95
77,54
113,43
28,90
61,42
93,106
198,55
116,40
71,171
34,187
54,139
39,177
36,121
144,139
28,56
197,125
125,103
149,166
162,184
151,84
79,79
30,150
69,20
160,71
65,174
96,64
131,123
77,190
16,96
9,3
125,75
48,3
153,44
16,25
5,41
18,32
132,24
147,97
60,68
182,114
64,159
25,41
87,17
189,16
197,49
125,56
96,159
113,79
97,87
53,161
31,142
91,38
33,86
10,145
179,98
113,16
110,135
92,84
184,103
185,102
23,26
78,97
138,95
22,173
154,37
153,134
178,94
30,29
36,155
20,4
61,113
179,11
178,74
5,62
80,93
0,143
134,126
94,3
103,152
73,34
146,145
181,71
51,150
98,13
42,81
187,165
61,38
99,81
100,135
104,147
155,92
137,181
196,3
23,8
8,199
84,166
69,38
17,59
109,196
170,193
55,134
16,151
179,129
166,110
178,112
175,83
191,62
48,163
133,129
175,93
143,61
59,155
197,69
55,137
135,197
169,177
99,138
131,5
176,198
131,43
45,111
11,56
108,112
61,3
80,185
102,106
17,123
28,152
51,142
13,50
161,33
199,49
40,180
190,0
46,9
108,64
106,57
116,44
78,111
0,155
150,132
29,158
93,36
147,146
180,34
106,187
182,97
148,59
123,194
40,67
153,122
45,171
43,186
120,44
53,107
157,29
73,106
184,85
57,109
131,115
66,176
51,75
166,145
184,22
117,56
142,9
79,53
0,38
22,41
145,156
125,167
128,68
29,60
124,28
133,90
37,145
181,29
48,155
126,99
78,106
80,84
46,185
21,13
133,144
47,100
100,19
183,161
153,102
156,33
174,28
107,1
165,90
178,27
6,128
46,34
175,128
15,8
180,77
144,154
113,45
142,145
188,62
155,24
174,84
179,80
166,176
78,80
148,15
191,96
154,173
116,81
105,143
152,36
43,14
8,141
101,101
113,4
141,131
49,157
127,179
45,84
170,81
77,113
67,87
15,188
185,56
155,11
115,148
64,192
4,167
107,148
105,81
191,183
98,104
190,29
143,154
72,193
172,189
129,125
22,66
73,57
124,149
51,84
15,69
198,59
94,163
87,49
18,145
28,107
194,176
47,69
183,132
45,15
151,129
108,122
61,25
119,136
180,117
122,74
110,76
80,13
38,175
2,155
196,188
32,138
40,55
34,137
12,95
152,28
101,97
35,132
80,52
132,89
7,188
122,13
158,124
175,18
76,85
25,174
83,151
55,19
114,25
32,93
29,151
146,1
59,90
72,83
11,165
22,75
144,93
129,78
180,46
104,33
186,115
30,7
100,147
145,65
68,97
23,61
34,33
143,142
171,181
164,190
193,150
196,134
129,52
138,171
44,24
195,127
50,89
198,149
122,142
179,52
126,117
80,78
33,40
189,60
70,4
153,55
144,100
181,36
190,40
123,67
195,198
27,34
104,123
6,14
176,188
52,68
106,168
60,129
106,12
99,115
82,90
152,143
58,3
189,85
60,126
2,14
96,79
4,108
31,169
90,156
87,180
153,58
120,86
43,189
6,119
139,99
61,134
34,87
198,182
136,129
109,33
79,44
19,133
101,164
30,112
56,50
58,6
132,62
94,18
28,38
149,162
34,71
125,56
184,42
183,50
64,18
5,85
174,174
119,91
81,69
110,128
158,176
26,157
179,103
10,118
108,190
91,89
78,64
175,185
28,117
96,100
22,133
83,55
142,125
143,111
61,145
156,142
126,161
56,187
27,18
64,118
71,110
27,47
71,13
185,113
151,42
33,144
167,71
71,176
178,82
196,93
96,191
95,55
26,137
147,75
9,177
163,62
193,197
184,110
100,134
24,64
93,80
195,11
188,108
53,56
81,111
67,82
194,186
197,151
184,6
50,139
104,85
98,130
116,139
142,123
49,20
95,100
33,159
188,38
168,130
42,188
9,65
80,19
131,108
196,136
105,14
109,73
146,178
141,61
163,106
57,113
50,43
115,136
143,139
107,54
109,38
96,146
54,131
69,125
24,69
118,27
11,151
173,90
130,143
111,165
110,111
33,64
13,165
61,175
193,189
25,18
59,4
10,50
95,68
44,182
126,87
37,177
85,137
197,183
57,199
87,185
162,119
166,119
178,21
46,146
9,10
195,166
8,116
76,181
3,153
157,44
70,175
29,25
16,40
34,124
141,118
187,47
156,151
122,134
97,179
147,36
176,198
28,150
37,60
197,181
5,145
90,184
48,40
14,166
88,113
152,157
104,79
58,6
72,171
96,111
77,45
187,157
62,138
117,139
2,21
170,146
128,182
25,4
24,182
79,108
82,100
114,115
84,89
57,122
63,142
33,36
29,140
89,16
88,188
76,110
181,166
31,196
167,142
101,86
114,19
112,30
115,160
92,22
82,152
16,149
107,173
123,34
89,22
82,115
179,8
54,120
68,109
33,172
198,70
111,124
116,26
121,191
22,37
53,89
93,1
175,126
192,13
66,0
134,179
4,107
63,156
28,5
96,25
119,199
85,6
51,96
189,196
155,36
4,59
87,117
189,192
133,177
23,182
105,134
160,171
36,134
50,81
120,9
70,93
111,179
41,51
32,49
165,193
158,114
188,90
26,104
46,126
70,23
103,170
186,33
29,36
50,109
135,51
23,0
82,158
152,18
74,127
100,72
104,50
123,15
79,43
13,83
57,186
37,6
122,24
160,160
141,185
192,75
0,41
35,74
15,174
30,6
84,145
126,126
188,8
119,64
33,162
7,21
143,34
185,67
63,128
42,195
50,106
0,103
129,130
40,126
28,26
72,59
123,186
186,107
185,109
164,163
25,58
24,87
97,80
10,160
197,55
100,143
175,197
43,188
125,93
132,158
102,66
13,112
95,124
180,59
30,63
134,70
173,74
130,55
190,11
84,117
75,12
26,92
174,25
24,13
135,27
194,86
21,91
100,159
127,125
108,55
28,115
151,54
79,177
12,149
184,36
6,175
148,151
86,65
117,197
124,166
199,167
65,183
122,113
139,37
167,148
172,14
16,66
106,44
158,194
112,50
19,18
136,197
66,33
99,131
133,76
60,83
146,49
10,73
102,135
169,83
186,132
28,64
123,171
166,40
58,99
107,75
143,113
112,69
31,57
15,145
183,162
150,29
146,188
33,9
143,58
102,170
156,180
2,136
170,186
59,175
190,176
151,4
43,188
108,170
80,169
154,20
66,98
159,90
80,152
141,66
176,80
167,139
182,25
35,155
161,188
48,123
41,14
100,15
108,91
156,5
91,88
40,171
24,31
114,74
29,183
117,4
4,35
2,176
73,87
75,52
167,62
108,88
79,144
24,29
156,166
56,86
36,47
147,129
45,108
199,15
95,64
116,128
95,46
165,32
41,128
55,88
159,13
171,177
58,77
5,39
34,74
152,149
50,36
141,38
187,19
39,84
44,153
85,91
49,64
117,85
146,142
167,47
190,56
175,143
19,67
15,138
63,28
130,50
188,197
33,191
193,147
191,23
16,33
182,84
20,139
8,63
132,139
71,183
29,168
157,2
27,39
102,26
180,139
77,16
146,40
29,120
107,107
170,43
109,4
5,57
195,121
43,94
146,75
190,132
68,150
72,17
140,40
181,181
144,180
8,135
29,171
61,34
23,120
80,198
20,154
8,125
26,103
78,140
15,63
91,40
169,80
135,185
122,71
24,25
116,68
186,77
14,137
50,115
198,152
145,153
187,103
69,129
91,56
159,191
156,114
39,174
167,26
179,106
28,80
104,101
137,188
29,97
64,98
71,60
9,6
115,189
124,185
126,56
134,16
59,22
160,32
35,83
23,4
15,11
102,77
121,109
139,39
53,86
135,50
107,131
136,89
26,9
7,51
60,26
29,159
155,179
86,185
9,117
104,117
174,179
174,183
174,9
119,85
101,72
130,175
183,189
42,134
54,81
190,190
145,133
93,186
43,168
132,63
46,77
69,62
125,61
49,143
90,86
93,96
33,150
58,8
196,74
158,8
116,70
46,34
155,82
168,70
23,2
133,119
22,77
182,174
154,43
134,133
74,145
130,38
67,12
129,101
112,100
160,56
121,101
103,196
181,20
43,108
103,57
72,136
135,176
12,78
157,171
38,150
10,95
74,167
178,124
112,149
36,91
62,183
191,105
15,58
2,141
104,150
168,51
29,135
136,31
148,195
92,19
19,20
73,153
47,67
196,14
89,154
23,181
12,60
70,121
86,78
178,46
135,7
64,192
143,39
44,80
36,12
73,165
170,71
126,109
52,111
35,92
138,98
165,46
63,131
91,31
84,58
0,117
22,89
88,132
156,85
185,63
141,66
96,98
103,144
135,13
89,170
8,178
69,77
81,28
8,31
193,96
193,179
86,181
182,37
70,110
115,90
149,100
72,175
55,108
160,66
155,99
97,84
183,32
20,143
113,179
9,176
94,47
110,96
12,109
144,71
47,92
5,186
185,185
52,126
102,148
122,74
97,182
172,136
28,10
193,181
18,15
116,149
84,186
23,17
101,13
69,87
188,149
21,11
154,29
96,179
172,23
189,29
116,93
84,40
93,115
101,33
178,103
147,115
88,54
163,191
3,185
8,66
164,166
166,174
60,25
49,113
69,96
198,190
179,63
114,136
19,144
110,181
110,39
97,171
46,77
120,56
48,130
165,193
162,16
104,4
156,117
196,188
56,174
191,75
160,32
192,179
19,45
121,101
128,52
121,190
180,10
136,3
113,38
120,48
120,9
190,151
180,128
98,139
85,110
97,81
159,19
41,0
2,146
8,40
54,14
125,164
157,3
48,17
42,179
102,108
59,88
199,99
142,90
98,191
12,93
27,155
158,32
193,63
163,162
71,117
4,174
55,111
61,196
13,95
83,79
69,90
184,15
109,106
87,42
153,100
29,78
157,150
11,54
161,53
123,102
98,97
50,40
14,102
182,138
122,184
150,137
114,12
22,23
64,148
109,33
131,76
165,129
85,105
102,172
10,194
63,167
25,10
108,37
1,140
159,23
116,114
117,113
83,115
6,40
88,110
21,29
178,155
63,177
40,88
30,139
154,111
82,154
153,27
6,184
52,111
75,125
137,146
190,95
105,40
76,8
5,80
5,140
130,6
134,105
169,181
46,163
26,49
112,132
196,113
198,139
81,189
98,171
74,109
82,108
52,171
194,59
117,119
88,86
92,113
170,160
79,117
20,14
28,187
164,133
192,34
46,97
40,124
186,67
119,80
171,198
184,185
148,32
80,44
13,165
133,80
100,58
175,14
132,35
93,125
68,140
77,161
113,127
172,126
151,142
178,195
165,61
26,123
108,118
152,81
50,164
53,32
134,32
169,164
161,121
50,123
29,144
82,90
175,123
51,68
170,151
174,114
3,13
113,98
9,143
107,134
21,95
185,178
90,8
171,129
195,163
174,72
142,56
71,39
193,153
106,74
91,49
83,138
86,179
97,167
168,167
58,190
111,155
177,11
55,76
16,191
40,92
15,13
86,129
168,108
61,93
116,172
82,188
174,162
132,36
18,86
124,99
177,123
101,59
15,163
46,146
159,31
8,119
6,161
179,179
167,161
136,22
40,111
28,119
151,56
59,178
77,170
119,77
89,75
166,178
192,79
35,80
7,33
64,85
50,154
33,78
123,163
134,189
198,110
112,106
46,38
58,50
91,68
37,6
22,177
135,94
25,169
147,139
65,118
34,88
160,11
62,37
157,18
45,103
27,184
1,18
34,43
105,25
33,55
112,123
20,102
195,67
115,164
93,118
116,180
4,72
180,141
151,73
194,177
185,37
181,73
53,143
159,100
70,130
40,185
114,98
160,34
187,103
190,90
118,0
10,123
133,165
182,176
124,62
18,63
127,57
136,65
39,135
41,133
40,46
9,87
144,171
114,54
150,94
189,168
170,21
14,20
37,94
181,103
94,162
159,49
141,23
133,92
113,151
84,79
123,79
134,171
171,138
121,83
82,192
87,144
164,164
10,193
109,164
18,156
183,123
10,163
97,163
176,156
9,30
106,38
162,140
75,176
75,129
151,121
13,76
168,145
190,187
185,38
179,171
196,112
179,44
182,173
80,31
82,111
198,175
93,3
164,172
69,155
199,72
194,163
11,153
27,59
41,77
2,152
154,31
4,33
57,178
120,174
6,98
157,36
23,12
45,74
93,8
82,109
77,174
24,48
127,112
151,37
40,22
149,100
154,79
54,90
132,46
125,197
98,122
10,54
157,114
164,81
106,3
68,75
34,177
42,49
110,49
133,152
63,80
159,76
43,147
41,116
133,63
188,20
157,100
167,125
163,142
199,142
113,41
50,38
115,160
162,1
117,17
105,9
71,126
185,108
110,94
133,106
48,50
39,170
60,125
141,47
105,132
23,144
52,145
71,185
14,189
91,173
22,3
35,190
6,136
54,186
188,113
41,37
39,163
45,15
123,31
89,182
88,186
42,110
136,4
92,68
158,86
159,87
79,50
42,122
91,31
55,84
55,84
5,127
16,135
139,100
141,138
146,148
50,142
3,125
127,72
39,120
61,43
50,47
189,125
97,71
75,66
35,151
81,18
96,101
140,13
118,169
111,32
17,32
26,128
123,47
110,3
107,53
15,60
156,69
136,128
95,162
188,172
7,195
127,153
175,128
87,144
160,18
174,0
67,62
31,33
86,144
64,170
21,80
118,83
48,91
52,56
50,28
50,4
180,147
108,160
117,85
104,103
106,21
112,106
105,15
26,18
82,45
34,55
89,31
24,129
97,102
148,141
79,157
152,117
1,65
73,40
60,14
191,119
70,137
152,164
172,47
88,81
50,113
76,69
76,116
68,18
187,0
17,15
38,185
23,0
144,169
35,117
32,194
191,195
133,136
109,20
44,123
33,178
94,60
115,34
169,153
169,7
39,28
48,172
56,57
12,87
35,122
106,127
130,36
80,160
164,134
42,84
145,22
144,1
124,122
156,94
9,34
19,146
1,148
64,102
187,101
71,85
183,99
91,7
129,115
130,156
19,8
57,23
34,35
146,55
77,174
163,88
126,35
88,126
125,31
120,93
46,160
179,176
82,158
100,6
51,5
112,160
75,109
50,160
197,104
27,169
175,11
82,149
176,125
36,117
42,139
53,36
117,46
125,157
54,162
176,166
113,58
140,113
72,77
95,5
8,197
156,125
74,43
104,167
189,150
3,175
75,104
61,106
49,61
114,56
48,137
147,23
68,87
42,68
133,4
86,188
32,16
44,133
127,162
166,93
151,150
149,1
157,69
164,13
157,173
61,146
186,182
193,39
91,88
81,170
174,21
143,7
100,28
119,154
179,24
63,60
15,38
132,177
55,39
107,104
157,98
185,80
97,149
172,105
77,116
36,162
37,13
156,113
73,117
67,64
163,171
191,104
43,178
163,39
123,62
46,162
180,78
80,187
70,46
22,147
19,112
95,187
137,17
65,120
154,41
180,52
102,39
128,41
151,89
123,46
82,170
86,60
97,32
61,101
75,5
99,146
61,170
63,84
10,191
81,134
63,6
54,191
94,123
19,84
154,63
69,74
152,131
23,141
59,63
136,39
63,3
118,154
158,75
48,56
66,53
21,176
103,122
47,92
107,173
119,105
51,127
78,159
98,162
92,15
65,61
37,186
59,136
32,142
97,71
133,28
107,130
7,12
54,43
118,167
81,94
192,39
149,8
67,45
55,102
98,169
83,6
48,68
157,18
45,135
179,59
136,4
113,64
51,139
143,82
29,176
95,19
146,135
110,87
62,1
142,192
114,20
41,150
153,172
40,65
176,69
143,140
128,80
33,71
36,190
89,34
138,120
196,45
87,37
182,95
27,164
95,24
131,128
94,20
180,109
56,56
117,78
3,6
61,55
164,11
166,17
114,14
187,27
19,127
127,183
190,96
89,157
38,94
145,77
186,112
161,169
141,101
197,69
34,7
7,187
120,142
18,40
23,17
46,122
199,144
38,191
72,150
176,147
115,164
36,43
30,40
58,103
144,103
52,43
70,165
111,189
1,130
4,12
33,193
67,18
129,77
16,70
6,164
127,68
199,92
97,145
119,155
198,179
99,99
81,174
83,35
7,131
189,149
172,165
69,76
177,164
29,74
100,171
56,2
187,192
111,66
107,178
157,80
132,44
63,24
192,50
61,183
7,40
54,57
35,27
173,117
0,116
168,152
111,199
100,48
117,61
195,192
92,115
9,54
66,7
116,23
122,165
128,16
199,156
144,106
25,20
56,151
195,124
48,136
43,165
20,9
130,120
107,178
199,107
178,199
130,60
173,55
2,100
109,56
41,35
119,90
186,1
125,149
13,17
157,17
18,101
103,145
183,106
175,53
32,110
153,70
167,47
122,146
59,160
114,60
5,134
124,136
157,130
28,125
27,14
109,83
142,57
173,190
185,31
69,51
7,158
148,79
133,58
71,179
96,192
88,72
128,159
171,174
130,155
12,91
29,191
69,172
38,186
43,135
53,90
91,81
162,24
53,61
64,25
166,148
126,60
60,108
152,92
0,148
46,122
144,87
130,155
139,38
75,118
63,48
191,54
85,58
132,43
137,198
87,195
94,198
90,160
85,170
159,14
120,23
166,178
10,185
107,82
164,72
87,185
73,29
174,64
107,74
199,56
176,36
75,80
116,5
53,4
153,51
8,83
50,191
59,183
42,83
75,117
170,30
111,90
101,75
135,100
39,186
2,70
97,29
27,95
167,69
195,140
117,108
17,192
75,113
167,67
50,110
150,183
99,95
82,192
61,116
74,45
194,39
175,186
74,167
72,105
30,90
136,145
7,147
15,76
93,164
86,16
124,91
12,140
129,53
92,117
124,32
49,132
7,184
183,63
51,15
34,137
0,170
132,26
199,74
42,49
109,149
62,123
172,116
149,137
105,143
196,133
140,198
84,88
78,36
17,52
49,86
2,152
48,48
82,158
56,139
114,70
66,195
173,113
72,45
91,84
93,114
141,47
175,23
22,146
6,51
55,27
44,185
3,168
181,195
188,43
74,107
113,151
35,33
119,175
190,93
70,107
67,76
38,124
136,156
174,68
68,162
116,182
3,132
139,66
43,67
191,89
100,106
54,179
23,90
185,40
96,74
62,123
144,77
199,114
144,140
19,95
103,10
30,39
31,84
47,23
10,197
189,4
131,51
157,161
44,149
179,19
63,99
94,147
92,153
23,173
122,10
59,147
35,13
107,27
55,120
16,141
117,174
65,193
134,58
3,132
29,107
173,135
168,74
84,98
111,181
129,136
131,184
144,158
166,117
1,139
85,28
32,194
158,187
71,139
60,159
66,88
149,78
123,188
194,116
81,67
89,136
128,169
66,35
6,28
184,23
5,188
163,31
176,132
48,124
10,1
81,77
91,100
1,188
181,120
8,50
4,34
163,99
122,37
159,174
3,161
133,40
83,28
75,118
10,108
44,188
193,21
96,168
110,180
161,75
128,199
150,81
30,33
20,97
180,23
159,57
81,53
100,42
19,68
127,140
18,134
94,82
93,74
54,117
112,194
71,88
138,43
88,159
170,108
124,100
96,36
190,141
61,80
99,100
19,95
182,168
93,29
147,184
197,177
64,186
126,102
188,199
41,194
82,84
186,52
162,132
131,131
107,177
71,87
82,117
132,138
101,159
184,18
100,9
189,186
194,91
118,1
104,157
63,144
110,100
8,179
178,15
168,15
80,135
173,117
172,142
75,71
169,75
162,115
168,3
120,100
183,48
170,97
142,14
136,115
136,189
195,66
43,191
69,151
168,69
172,160
58,96
157,47
6,85
93,25
65,83
91,84
177,15
31,9
127,79
3,163
36,104
72,38
105,181
85,127
21,163
116,37
27,164
156,3
72,143
13,164
140,24
180,95
116,132
31,30
193,108
84,94
17,79
17,61
6,138
172,174
65,48
93,21
91,91
116,50
84,140
40,119
127,110
40,47
195,99
44,190
116,32
199,193
152,197
91,57
187,96
56,38
21,17
116,107
169,97
151,187
30,167
37,76
27,176
153,32
196,26
8,185
78,77
96,41
8,173
69,26
132,155
125,148
140,149
141,83
109,7
134,67
136,65
79,8
155,180
182,34
198,94
18,24
68,150
90,129
94,166
105,120
37,120
165,171
182,193
129,85
159,180
50,179
126,48
179,78
83,36
124,40
33,29
163,131
42,84
97,15
52,6
88,162
76,173
3,29
52,69
79,97
107,171
101,186
103,147
90,78
80,91
160,54
161,45
53,16
16,121
39,42
191,139
100,139
59,133
21,45
15,187
36,16
17,134
43,103
16,97
188,45
14,34
128,100
126,15
162,21
155,83
19,74
142,34
95,157
171,154
97,155
160,122
192,195
118,65
57,108
151,86
16,97
169,96
72,156
9,173
81,25
141,98
128,194
152,82
171,93
114,34
17,178
139,114
133,27
181,42
100,149
187,184
75,141
96,36
102,198
67,45
43,67
11,122
187,179
6,192
177,84
106,12
66,101
93,155
84,3
175,195
29,81
166,87
178,130
28,99
4,82
183,52
24,107
104,175
71,195
87,124
52,56
86,14
67,91
21,176
160,135
156,82
97,42
145,26
48,104
119,83
90,177
79,59
176,163
25,164
6,188
181,87
185,57
27,105
34,11
189,76
62,62
169,110
130,75
105,159
50,48
118,176
47,55
110,26
26,26
47,57
94,115
85,188
191,102
88,22
185,87
131,6
148,198
77,35
84,199
33,64
70,168
115,88
124,27
21,196
198,41
33,117
11,100
151,13
69,51
169,28
19,100
49,31
185,55
84,62
176,126
58,168
104,122
117,131
159,107
157,65
175,103
183,170
197,74
189,151
92,143
5,159
176,148
179,90
32,146
51,124
34,92
27,73
14,180
185,111
167,102
9,185
192,11
190,160
155,142
137,53
0,98
94,86
159,21
74,91
171,80
2,151
44,85
83,49
125,173
111,66
111,52
145,144
76,33
32,17
64,149
129,134
110,124
129,85
46,53
19,86
141,40
171,77
171,86
13,29
159,37
132,106
144,137
175,165
163,54
170,24
11,151
18,122
145,27
99,170
197,53
198,54
113,190
196,165
167,146
31,11
38,182
121,142
149,180
60,151
127,41
146,64
197,94
156,145
90,44
55,1
95,128
96,2
184,163
35,85
50,180
103,160
15,17
6,96
102,34
16,156
86,166
73,56
37,139
130,159
112,149
155,57
187,111
89,35
43,47
154,36
83,125
35,101
66,107
156,26
136,61
145,50
57,109
151,184
99,155
38,151
85,170
130,0
101,193
173,179
31,111
24,155
84,147
168,116
69,43
162,180
140,81
44,156
79,92
31,191
166,35
160,29
64,24
34,87
45,69
51,167
52,24
71,176
191,179
107,46
31,189
175,133
25,53
9,191
45,6
63,11
97,180
193,57
49,89
160,60
94,4
164,136
90,98
48,100
124,194
139,15
53,116
68,162
79,72
92,130
111,74
97,187
59,25
133,44
49,120
145,169
131,57
36,99
149,104
151,176
36,137
1,175
170,59
25,14
80,150
190,125
41,60
126,58
39,106
149,91
146,70
187,61
183,164
70,119
17,191
120,46
150,135
1,53
113,131
116,6
93,39
24,125
25,1
133,111
43,153
107,154
123,43
175,110
198,174
148,51
75,82
85,4
9,23
83,194
122,29
76,119
160,45
176,5
86,22
186,129
129,36
49,28
69,100
37,68
84,132
32,130
94,153
165,24
179,195
148,169
131,53
77,40
28,150
90,131
92,123
43,18
98,175
164,131
1,186
181,24
26,174
136,195
43,62
126,139
89,172
45,190
38,166
97,109
155,37
81,48
70,176
94,100
89,169
169,140
190,198
40,49
36,154
194,52
95,138
55,98
9,143
47,86
67,69
167,136
84,101
172,100
190,76
126,53
199,162
21,26
125,93
134,20
118,130
90,71
93,108
189,196
138,31
8,55
197,19
167,97
39,156
146,10
175,170
32,161
111,177
175,78
57,169
108,62
152,188
113,40
168,191
130,127
139,5
88,105
148,72
44,70
130,150
25,61
178,8
1,21
187,91
22,17
197,86
146,24
199,176
82,193
38,29
111,56
154,134
91,56
197,94
174,22
20,129
0,122
17,94
86,27
66,42
4,130
175,41
102,93
86,172
22,112
30,68
169,166
193,192
65,63
103,114
10,180
183,121
193,136
33,51
137,18
50,161
195,162
107,164
187,39
133,94
184,109
81,12
122,126
92,91
75,61
116,63
69,46
106,57
129,75
165,169
3,177
104,77
112,80
6,104
168,51
137,133
29,158
104,25
28,149
133,30
145,24
142,11
65,44
105,166
155,177
136,149
71,37
98,142
109,141
44,121
74,166
167,161
166,43
35,7
191,163
98,86
93,7
157,123
187,154
51,29
23,157
37,41
171,65
168,86
59,113
126,10
188,2
81,27
60,93
86,30
121,198
40,119
101,69
53,6
90,8
61,132
87,133
34,29
6,85
60,11
87,34
165,118
35,62
79,155
33,157
47,0
1,197
145,169
134,69
15,160
135,54
24,83
67,144
62,117
85,88
1,122
191,108
187,121
22,50
1,197
183,107
199,109
188,48
47,100
28,37
145,181
154,141
142,51
6,64
199,128
174,128
179,169
6,32
94,132
60,69
0,112
18,35
112,86
80,179
14,119
157,78
107,59
187,197
120,191
160,156
23,152
158,123
15,47
68,111
91,11
63,158
43,199
47,172
92,32
179,120
101,83
3,102
17,171
153,90
81,10
142,37
183,80
151,31
69,16
149,31
185,172
87,170
125,166
89,116
72,13
177,45
114,7
137,4
60,107
145,52
139,5
114,108
109,140
143,134
87,31
145,100
71,29
184,27
113,153
4,54
69,141
188,184
47,130
28,183
133,183
10,8
40,145
75,43
193,63
174,27
35,99
164,78
87,14
87,80
88,13
187,148
117,4
55,138
111,82
167,147
108,102
88,155
96,190
130,161
4,72
196,91
22,175
116,12
166,53
171,113
20,37
187,31
139,50
68,101
75,78
167,125
45,161
172,144
144,119
40,81
86,124
1,195
164,153
83,134
26,170
151,181
182,150
48,119
156,182
91,17
136,174
177,167
140,104
195,111
121,43
120,171
121,170
36,27
119,176
110,7
48,146
91,187
166,76
152,156
125,103
66,196
76,38
72,187
150,99
44,113
167,100
173,146
121,198
112,90
136,58
148,50
60,27
179,37
22,56
198,31
27,115
158,159
179,90
83,16
192,135
16,55
176,128
110,13
122,143
66,15
117,122
37,186
27,48
89,117
192,155
170,38
196,141
74,85
84,59
9,42
114,115
174,95
119,68
42,160
65,8
114,181
63,57
84,52
149,153
117,141
183,118
174,183
184,137
66,4
10,184
173,160
24,104
42,120
141,95
9,89
153,124
141,96
151,142
73,135
159,198
61,187
141,24
34,98
24,166
138,16
119,41
79,14
82,82
120,45
55,55
172,28
42,103
78,65
185,188
5,27
168,195
23,93
4,94
141,145
189,56
110,19
132,68
40,141
151,46
46,26
27,114
145,79
194,52
169,179
120,150
155,7
108,46
130,183
88,93
187,95
103,101
32,113
71,123
110,28
35,109
110,21
94,156
47,73
102,26
121,120
17,101
42,151
179,182
97,171
199,160
186,133
34,162
26,198
169,164
63,4
10,64
151,35
123,97
78,51
90,184
198,67
43,150
112,19
83,151
190,184
164,133
110,104
138,59
192,181
46,195
36,11
34,128
53,171
195,68
1,61
177,122
52,199
119,175
175,135
138,89
18,89
168,184
129,20
186,168
91,38
101,158
95,161
27,114
41,68
153,105
135,24
86,112
75,134
141,9
158,0
92,36
39,182
101,118
160,197
89,61
9,38
19,198
173,157
3,88
0,60
45,174
144,193
55,125
146,34
76,9
191,78
175,37
60,61
4,42
1,24
55,148
198,138
103,147
65,47
71,83
66,51
91,102
58,164
60,109
133,29
138,108
198,113
175,168
38,55
190,58
22,37
199,97
192,53
7,108
51,123
55,52
114,159
67,65
60,128
144,161
34,112
182,148
51,154
111,182
83,132
122,94
24,27
144,101
9,139
113,30
196,88
142,185
67,55
9,12
26,114
137,10
132,142
155,176
116,190
186,88
85,167
15,91
94,86
95,34
143,19
100,77
181,32
32,96
24,80
95,168
114,183
190,45
145,17
170,31
29,175
61,106
173,11
109,115
146,107
45,165
145,151
14,180
180,158
122,21
136,101
40,80
39,40
187,174
34,127
53,102
57,76
102,187
133,36
185,51
120,180
5,136
34,45
71,181
186,42
193,38
137,153
46,115
135,7
170,180
79,32
167,4
190,97
132,152
124,49
79,57
170,129
132,17
133,76
126,189
148,3
198,123
54,163
8,78
180,132
142,126
107,193
195,181
193,59
172,84
31,43
160,135
69,61
43,23
85,22
156,73
47,115
136,105
162,10
35,137
114,59
162,36
11,32
13,36
127,104
140,26
117,60
170,70
99,155
164,135
158,169
195,127
9,80
165,150
150,52
159,63
174,191
90,95
153,40
125,10
144,103
42,65
137,47
61,4
77,24
84,51
148,155
186,109
114,10
170,139
58,176
59,126
86,140
181,101
101,149
39,80
158,57
77,37
115,26
8,137
94,193
17,18
56,90
64,134
162,58
157,11
165,121
23,68
22,155
186,58
94,156
94,54
155,85
196,131
173,184
126,56
78,176
151,122
97,166
138,81
121,49
57,62
3,141
20,77
13,162
74,185
182,44
116,138
46,156
7,87
53,73
29,45
48,169
64,192
135,184
33,83
166,77
1,49
26,57
73,9
75,110
127,17
110,97
45,42
107,184
39,141
87,184
65,80
87,105
120,44
141,31
31,133
187,164
196,94
98,53
123,26
90,16
66,80
1,115
69,166
81,68
191,163
32,123
158,175
66,97
18,36
103,55
106,134
23,139
79,59
106,85
52,190
186,151
36,109
102,160
20,20
90,89
62,180
8,43
145,76
63,99
146,126
98,138
156,9
44,78
185,76
6,129
65,99
195,87
108,1
96,139
166,69
161,16
89,141
183,25
3,184
57,124
61,1
84,102
21,168
95,189
163,68
120,116
153,25
37,152
192,15
180,3
51,12
109,50
129,104
113,49
96,110
13,92
21,107
57,82
56,170
164,129
89,152
41,97
190,30
125,84
8,46
64,197
46,1
40,146
135,77
187,87
162,41
109,114
176,194
181,182
1,94
58,105
1,132
56,129
141,98
58,61
109,122
121,22
16,150
172,64
162,31
101,180
27,116
33,123
101,168
42,186
167,3
5,92
122,199
147,52
98,36
177,58
46,88
54,166
192,193
91,48
58,171
158,141
173,179
9,177
7,45
126,10
18,171
91,176
140,168
170,19
48,98
5,123
6,0
99,51
199,140
16,113
124,176
47,17
90,53
19,99
37,30
50,12
119,146
125,97
156,197
81,11
177,82
63,20
114,187
82,162
46,142
122,67
63,44
66,21
193,34
8,102
155,186
109,47
190,127
45,153
49,65
53,40
108,119
160,152
102,71
108,78
72,62
85,8
20,87
136,171
99,7
129,9
76,131
180,38
177,105
100,122
25,160
13,19
90,161
68,177
92,111
174,82
5,158
5,79
149,164
160,183
129,184
9,0
46,154
81,103
74,162
118,18
149,78
150,111
192,34
138,153
13,56
15,22
40,23
178,122
87,164
117,162
56,129
88,74
176,163
151,42
63,45
28,167
3,96
43,50
39,8
73,71
103,139
164,59
50,193
131,143
152,97
12,186
24,137
50,137
43,77
186,69
178,146
167,41
100,49
27,72
131,85
190,53
13,67
159,193
3,4
59,35
138,3
61,116
22,194
106,41
199,5
0,128
1,66
1,6
57,105
81,16
3,112
87,184
182,110
117,164
149,37
98,173
43,97
17,167
116,63
126,17
188,62
195,4
48,180
192,185
88,85
192,141
141,54
72,112
82,120
160,90
90,179
138,195
176,131
196,138
41,125
20,18
63,18
166,96
114,182
100,27
175,68
62,66
133,196
72,156
111,84
0,175
67,53
47,20
160,139
81,157
188,85
146,150
51,51
165,100
191,166
51,175
176,116
169,11
188,31
167,48
99,148
53,145
80,168
96,121
44,21
162,169
38,80
190,90
14,90
107,159
112,128
157,19
9,174
51,186
60,13
33,82
110,149
40,192
24,197
11,101
94,168
52,49
177,140
156,119
132,91
3,10
69,112
73,197
112,90
132,10
80,191
161,105
38,148
161,131
50,190
135,81
198,98
56,115
162,32
131,136
126,103
32,125
73,45
130,14
111,96
171,199
94,115
12,31
68,156
49,174
90,21
104,161
108,158
124,103
55,102
148,174
56,129
84,31
176,1
52,33
86,117
109,171
151,7
120,12
113,147
121,176
128,47
25,52
113,142
189,68
142,142
87,191
53,183
88,155
25,90
131,26
31,86
67,113
99,91
147,33
128,62
128,155
122,195
75,194
84,165
181,33
89,47
172,70
173,160
81,65
36,134
51,192
23,103
150,131
14,28
59,186
129,142
87,60
160,19
182,76
61,46
108,150
82,125
96,17
156,55
113,98
123,12
53,89
27,48
29,59
157,30
21,85
190,182
25,54
48,30
183,158
19,162
52,38
132,120
24,177
165,48
5,19
190,195
192,109
5,12
1,171
159,179
155,0
114,84
140,128
31,150
152,151
19,30
43,42
190,4
8,108
182,109
156,41
36,131
39,49
114,178
164,119
28,142
83,169
16,132
24,66
61,176
31,141
145,174
4,72
20,132
198,24
156,116
8,142
89,66
26,4
192,158
25,75
35,71
193,45
110,41
137,31
177,78
121,35
113,150
107,199
75,140
76,85
135,129
168,69
21,79
123,181
1,40
199,54
93,87
90,73
177,1
116,40
137,118
38,98
177,162
163,38
12,24
103,159
162,107
187,192
27,1
16,43
43,189
53,175
84,159
86,3
140,173
31,92
129,173
127,90
91,40
94,104
57,115
76,112
8,80
23,74
145,13
132,111
197,73
24,137
66,137
167,126
105,50
102,13
145,129
72,145
66,107
105,23
77,92
162,42
41,75
198,180
171,72
122,172
117,144
12,179
170,87
59,184
78,88
16,155
165,162
194,49
2,38
39,98
119,55
42,154
153,71
25,27
3,57
115,41
121,134
53,102
195,154
10,153
190,11
66,38
167,69
87,64
188,79
114,77
149,126
39,123
165,66
31,66
130,133
54,136
166,125
177,177
92,18
24,160
45,144
57,63
23,124
76,33
61,37
186,10
132,157
26,104
173,154
20,110
81,197
35,58
73,118
53,36
190,146
106,58
86,98
58,20
90,26
140,72
142,13
195,171
69,18
97,70
15,84
8,110
84,77
69,67
91,194
195,133
92,49
181,67
8,199
152,192
27,46
191,158
176,4
188,100
24,79
27,119
33,108
173,26
191,31
160,63
84,75
143,6
183,100
193,196
70,68
48,2
110,52
182,94
195,152
199,52
41,133
4,114
31,185
67,147
164,150
137,144
48,5
24,166
89,15
92,95
80,139
39,113
152,78
52,164
46,92
28,130
3,168
85,87
19,136
173,52
65,67
41,26
65,133
185,111
172,76
30,72
25,0
29,102
70,24
137,167
147,74
126,22
99,13
122,41
118,40
70,43
113,28
100,3
179,99
192,77
181,155
7,133
66,187
136,69
103,99
36,144
53,51
145,35
155,34
123,196
170,100
188,34
167,19
123,194
51,113
43,11
0,119
186,126
86,174
90,106
61,111
181,162
147,99
134,177
172,46
166,88
86,160
88,34
30,193
98,90
188,131
48,160
148,29
81,179
186,159
79,158
34,108
66,30
62,193
110,157
7,140
95,40
149,155
90,193
50,4
73,124
173,118
62,195
190,90
177,52
161,15
32,144
79,165
47,146
62,175
143,149
181,181
147,87
126,47
80,155
66,59
199,83
61,11
84,71
171,190
147,133
181,184
44,195
197,20
176,96
30,157
106,180
86,153
173,174
35,169
166,189
112,112
102,15
63,7
51,77
75,133
160,3
185,16
94,26
195,137
147,199
129,56
87,137
140,137
75,132
149,132
187,138
196,113
111,117
92,89
26,150
5,185
97,7
108,161
116,142
19,80
178,3
149,165
155,27
112,34
160,90
64,20
112,157
168,78
86,117
45,155
59,83
37,41
87,48
64,151
176,195
91,153
101,82
5,130
82,148
57,56
145,177
80,187
55,4
13,136
185,113
11,152
135,3
118,120
96,93
131,82
71,28
194,139
181,190
122,1
125,166
53,113
191,101
153,160
180,2
43,170
68,28
164,53
23,114
199,170
188,67
166,66
153,25
181,181
44,5
4,78
15,94
118,197
183,8
168,155
128,34
131,168
170,45
60,125
38,45
58,133
31,142
199,31
98,122
196,31
102,133
84,131
1,12
76,176
39,156
35,33
109,3
62,151
119,15
197,199
113,104
125,156
29,12
23,81
92,4
24,111
145,18
74,61
185,93
121,141
45,70
93,3
78,131
186,134
166,188
22,95
60,193
36,75
172,141
7,132
119,167
130,25
104,25
20,9
55,56
11,144
36,96
157,32
171,120
193,41
119,48
108,71
194,180
157,0
167,176
158,45
122,13
197,57
171,191
22,42
87,198
56,122
173,22
194,152
148,62
114,120
116,148
107,162
197,171
118,30
95,132
197,49
178,49
27,173
199,147
62,155
189,130
183,88
168,128
67,130
194,44
113,92
108,15
87,161
176,55
13,187
181,130
111,31
71,16
102,199
188,162
120,114
67,189
151,78
175,145
196,119
85,185
118,121
74,169
189,75
8,181
54,189
108,154
74,148
181,41
138,10
175,87
188,22
78,14
21,9
166,173
127,178
92,7
176,107
120,125
86,91
176,84
48,175
82,71
70,49
60,65
167,0
170,120
150,54
59,153
142,2
112,6
165,47
62,126
165,81
157,66
164,46
28,121
20,30
173,190
162,167
152,178
55,174
171,120
122,100
165,144
74,14
20,55
8,145
31,64
144,58
103,67
163,140
197,106
48,32
154,20
64,85
37,158
9,29
73,151
10,9
102,92
194,72
51,100
171,121
0,82
119,145
117,179
138,163
120,50
133,123
8,114
134,183
140,139
35,198
11,72
134,187
3,85
168,111
141,26
114,131
106,137
83,81
197,185
46,33
57,83
110,160
126,192
25,5
165,147
81,187
165,51
153,116
127,199
132,53
89,2
93,154
18,20
110,99
180,86
97,28
99,110
42,98
122,72
108,151
78,39
126,105
160,180
68,169
100,127
119,164
182,188
13,101
146,95
170,181
100,146
18,168
140,117
158,79
164,190
14,11
12,71
168,59
34,13
46,51
197,21
72,99
79,96
79,181
163,81
170,30
31,193
176,81
199,161
116,103
35,37
25,99
84,46
147,153
180,146
69,166
70,69
115,22
190,172
160,176
112,124
50,29
125,175
15,157
13,54
167,98
89,172
114,134
20,194
74,189
81,83
134,109
148,68
12,156
152,139
109,26
35,25
64,70
108,76
93,41
88,27
15,169
113,20
146,162
112,186
101,41
182,11
170,89
183,28
85,57
102,28
82,163
45,56
196,129
28,103
24,118
184,172
195,98
6,186
28,7
161,81
109,189
86,68
58,161
53,168
198,166
51,43
78,23
31,87
187,40
104,70
194,88
59,153
106,121
157,5
177,140
32,45
100,189
106,74
26,198
91,175
67,96
52,5
167,35
164,6
194,136
112,35
57,107
81,173
21,99
186,184
109,122
7,132
21,130
78,13
57,67
138,110
10,45
47,74
24,7
76,36
188,31
5,84
130,107
153,36
4,46
30,96
187,178
60,131
97,49
182,0
141,29
101,11
21,3
113,70
33,137
192,153
121,2
48,132
152,62
140,171
158,114
86,67
176,181
187,97
87,165
89,67
42,136
3,46
163,33
149,38
156,24
33,167
43,43
100,148
59,106
76,189
85,95
170,62
64,66
127,84
19,61
113,102
105,24
178,66
3,14
160,9
60,173
28,18
151,32
99,115
133,140
75,161
139,103
26,109
84,171
151,89
161,111
69,33
41,185
128,94
176,166
15,98
152,174
85,179
188,9
131,143
34,51
121,76
66,56
135,116
198,178
120,122
188,1
113,99
47,120
194,145
152,139
153,19
25,181
31,85
161,122
16,31
36,87
145,108
3,60
113,128
187,19
198,50
21,175
81,78
23,113
103,74
39,58
43,115
109,57
82,139
132,8
183,114
50,181
145,75
105,193
76,169
9,61
135,116
44,60
31,4
176,131
185,121
83,64
185,65
53,4
125,139
20,164
41,122
116,154
59,46
8,58
39,41
28,61
40,182
166,131
63,45
159,175
169,10
58,73
160,91
189,166
98,11
192,103
188,3
121,102
153,114
180,24
109,149
7,40
153,169
66,69
164,106
86,167
180,199
180,138
169,176
171,109
194,95
155,53
23,1
94,161
159,192
190,32
168,18
191,11
184,23
195,24
98,7
121,60
112,167
68,91
197,85
58,189
175,138
23,55
105,164
94,2
29,75
66,32
86,80
119,14
61,47
76,167
25,123
100,173
135,50
62,75
20,119
25,148
21,68
82,148
4,143
117,121
176,12
64,131
38,29
72,29
73,175
159,42
62,184
24,137
179,37
82,108
176,100
35,177
5,114
99,141
146,157
120,97
179,20
172,79
114,178
119,17
125,107
69,150
127,132
133,51
11,130
38,130
153,105
136,128
16,34
170,109
155,94
198,151
73,55
123,165
130,131
52,162
133,147
137,65
31,15
132,162
191,133
20,189
42,56
79,107
81,50
156,146
4,187
147,10
32,106
6,66
180,30
85,39
182,184
39,147
76,24
102,64
69,81
149,32
143,75
177,182
66,79
144,80
64,121
129,184
2,55
180,160
35,57
31,45
33,22
178,52
100,123
44,103
38,25
70,117
158,193
144,31
47,11
198,88
106,171
94,181
63,84
99,91
124,185
56,130
117,113
76,64
16,25
162,46
84,122
195,111
10,185
88,191
150,25
40,16
118,141
143,153
57,42
167,183
37,148
67,27
110,101
72,60
73,67
197,169
151,63
1,82
71,142
132,39
3,188
137,61
12,73
1,172
195,58
23,79
49,11
114,23
121,158
15,109
57,168
115,58
58,62
142,179
120,14
119,185
50,37
152,23
175,31
134,40
127,52
25,46
88,98
39,20
189,68
148,122
195,186
52,169
19,76
82,193
171,24
89,67
140,46
145,48
148,35
172,94
53,162
43,34
65,110
79,148
35,5
117,140
7,32
145,143
112,136
72,88
18,115
193,30
31,191
44,195
192,81
55,138
66,130
83,26
58,56
183,126
191,95
106,57
191,64
167,10
164,155
194,151
80,96
78,189
64,51
86,162
35,92
53,141
163,183
94,151
22,23
77,193
131,38
92,102
25,115
42,32
161,77
51,191
174,94
11,95
109,5
70,69
83,177
198,184
183,37
156,127
58,85
87,102
185,199
3,153
97,143
92,26
74,130
16,97
48,88
64,167
122,140
57,19
135,92
162,86
4,127
112,4
30,103
165,97
86,179
126,150
102,65
1,38
168,179
44,65
25,169
186,198
15,140
167,139
196,21
30,83
180,108
131,150
119,78
168,147
129,49
117,85
93,155
197,62
2,135
179,50
174,111
34,63
190,48
15,43
36,31
141,46
143,14
127,66
187,17
66,96
122,112
97,52
43,188
165,34
147,53
5,26
15,77
194,151
115,182
170,0
15,32
171,73
71,173
5,23
75,124
184,107
50,98
149,198
99,19
38,164
156,40
113,81
135,13
135,197
74,119
43,60
58,14
192,75
169,70
5,4
174,29
124,175
179,97
82,9
21,60
61,45
40,145
43,187
98,147
163,57
79,198
2,110
35,126
151,98
135,102
8,159
26,2
93,114
179,59
90,90
168,167
50,164
73,165
90,15
2,17
121,174
161,69
95,27
194,155
49,65
16,194
65,21
91,27
55,24
64,35
52,4
65,182
95,4
171,130
196,32
85,11
160,76
144,3
169,22
26,149
113,140
136,68
124,120
97,178
22,183
148,191
67,145
181,31
110,144
37,120
3,0
87,118
120,89
97,195
161,51
42,147
179,199
161,38
9,167
140,180
114,153
11,34
162,199
169,176
19,54
155,108
127,28
136,187
188,94
11,173
32,118
83,33
29,5
179,196
170,143
125,188
79,73
1,148
59,28
40,95
131,65
128,88
121,168
105,12
93,195
32,93
108,74
66,15
21,81
82,39
25,156
88,123
160,31
189,149
63,20
184,117
37,176
155,126
130,149
93,132
94,197
22,149
78,47
171,54
49,160
196,105
97,198
156,80
15,48
83,92
161,113
33,20
63,36
133,117
112,79
140,31
170,41
141,188
138,160
38,108
151,105
121,143
177,53
167,25
198,113
105,123
5,75
144,133
33,108
17,153
120,79
180,68
96,86
62,0
12,12
125,95
1,193
163,120
29,132
41,72
7,141
158,187
38,92
52,159
180,87
151,148
181,28
193,48
35,184
59,108
66,148
183,67
168,145
172,173
196,115
76,58
141,184
68,30
189,73
117,152
182,6
161,46
85,21
72,140
16,197
69,16
146,135
112,5
159,141
186,112
198,178
57,22
195,1
103,104
161,17
3,98
22,22
77,173
94,131
58,121
102,197
121,10
75,6
11,29
121,137
165,120
150,185
133,19
109,33
132,161
60,116
184,141
165,64
0,146
156,72
152,138
36,183
96,5
12,59
36,170
47,171
22,151
179,66
21,158
188,89
27,104
17,106
104,161
86,64
115,70
185,59
62,149
20,44
15,111
85,162
72,71
27,75
133,82
4,76
78,44
35,95
195,189
144,25
30,81
127,178
56,35
76,183
144,199
133,170
144,160
3,7
45,197
72,70
4,34
170,77
17,170
151,166
35,63
62,140
179,24
69,119
106,69
23,50
15,21
144,87
180,134
99,90
151,76
84,124
79,21
93,110
106,105
95,40
146,144
52,175
77,5
32,139
90,16
129,149
29,124
109,54
177,173
95,119
39,190
131,96
135,175
96,116
4,126
103,98
124,89
141,134
32,74
49,27
110,50
173,51
11,40
173,199
168,183
73,128
44,130
155,180
142,124
37,1
145,163
184,49
39,153
44,34
91,179
171,28
70,52
194,16
150,177
96,66
7,77
134,177
155,119
156,147
12,158
62,124
153,129
37,8
151,174
164,73
15,188
40,175
30,48
133,24
12,118
5,11
70,108
20,187
81,34
177,199
187,194
119,123
16,16
84,91
34,166
28,12
29,137
11,160
20,8
45,161
41,162
43,108
56,139
74,127
60,83
105,65
106,2
197,13
126,15
199,59
84,67
156,25
178,129
15,17
91,102
78,27
158,32
195,32
55,138
53,111
199,197
175,154
34,199
102,57
129,163
77,175
7,166
159,55
16,49
67,129
90,97
131,13
115,180
83,132
155,158
66,32
11,100
44,39
92,10
194,37
36,178
156,110
0,165
46,180
96,90
189,169
198,47
111,91
21,175
175,135
155,136
145,38
175,184
12,35
194,109
9,78
17,14
162,5
16,41
14,190
108,8
25,28
146,127
65,130
70,101
3,115
28,112
40,164
39,137
157,135
163,53
117,181
109,137
95,137
21,84
178,139
54,97
152,26
87,31
184,147
37,61
77,51
130,92
165,134
33,67
34,28
59,149
114,124
105,60
105,194
119,36
165,49
109,146
168,170
184,48
7,53
72,184
192,127
55,141
49,154
54,44
64,121
172,44
140,110
38,58
39,93
54,98
29,151
87,87
182,172
131,2
186,154
42,97
111,81
19,95
92,173
82,179
137,111
137,159
89,169
39,133
52,13
125,70
34,43
13,87
130,12
95,121
87,177
53,101
51,25
140,182
50,80
63,74
56,168
52,51
108,168
175,35
121,98
14,122
102,34
103,90
75,124
28,178
69,143
42,2
136,100
79,76
134,53
95,81
160,40
142,0
22,26
6,116
129,162
120,122
180,186
183,179
142,104
28,156
113,152
93,4
167,11
169,171
106,43
29,35
134,148
158,121
105,178
45,9
71,39
8,12
85,50
191,197
128,3
95,31
144,139
84,108
114,81
194,51
194,88
84,62
129,177
5,48
51,164
74,42
176,83
13,118
114,83
159,38
41,8
177,121
111,72
137,114
91,20
159,23
44,126
129,57
62,103
110,175
100,36
3,129
61,185
187,87
6,54
143,183
26,164
167,117
97,88
1,159
58,153
167,179
132,155
43,152
137,185
134,168
62,63
21,88
4,11
150,82
190,110
53,98
63,194
164,63
129,188
78,152
41,148
160,176
107,23
52,61
47,75
178,125
33,169
18,34
52,43
91,72
183,10
55,142
58,175
80,135
196,23
16,136
80,101
3,4
161,74
122,187
56,73
150,38
107,145
190,4
118,60
14,112
110,31
14,80
118,56
8,80
36,161
68,86
191,57
193,144
43,58
98,65
123,8
69,145
9,115
16,184
162,146
126,154
135,76
65,117
29,167
78,68
85,48
125,94
100,130
87,133
161,145
131,111
72,107
51,109
53,113
167,30
38,5
152,98
23,9
56,113
105,159
198,94
60,126
18,108
39,16
103,192
150,114
49,138
174,143
171,78
144,88
95,118
150,41
76,47
84,171
59,9
51,71
52,6
167,185
70,165
169,152
26,50
0,36
25,46
172,84
68,107
42,40
21,158
3,65
117,143
197,125
19,23
194,45
198,51
142,199
109,28
47,129
162,47
69,181
14,75
193,145
28,105
191,140
168,116
167,135
193,75
122,89
55,162
12,106
98,75
185,38
89,50
82,10
35,119
81,36
110,158
0,78
191,145
13,30
74,179
28,36
98,75
57,7
55,73
147,59
85,42
195,185
124,136
93,32
103,133
112,176
94,172
34,149
46,161
4,72
123,180
199,2
68,133
113,94
86,73
67,182
29,176
116,31
123,158
78,169
64,24
155,173
97,23
20,36
170,191
17,92
118,129
120,81
97,116
59,169
148,116
89,199
103,36
128,29
96,37
69,189
132,53
55,42
163,13
151,132
70,151
158,123
160,70
14,95
154,125
129,58
25,26
164,171
54,73
166,4
95,78
72,75
34,85
146,19
96,130
73,131
108,30
143,101
130,149
41,74
172,185
87,29
114,39
127,186
128,109
160,3
56,149
182,122
182,166
74,107
61,18
28,75
58,177
144,186
139,176
47,50
49,169
18,159
63,11
180,22
119,42
112,146
43,13
136,80
88,24
115,45
126,93
188,38
37,87
28,86
2,138
137,57
32,131
67,54
22,184
58,189
119,157
74,170
10,77
106,145
34,7
193,109
7,53
9,56
86,0
164,126
15,132
36,165
12,107
42,173
16,7
61,159
90,26
62,76
25,104
154,66
72,92
28,42
150,63
166,28
165,163
82,120
117,74
46,35
180,63
103,127
139,107
2,11
176,75
63,42
33,162
13,54
167,3
109,15
157,168
78,45
33,41
51,76
112,91
26,88
102,135
80,53
64,21
171,97
43,8
55,97
130,194
186,4
67,118
45,192
104,135
54,55
61,168
195,187
74,23
186,114
140,154
165,53
92,187
148,155
14,139
130,94
86,72
76,165
49,125
137,65
52,90
92,107
129,90
97,29
65,6
127,77
13,181
68,107
46,91
46,40
185,107
139,67
132,16
121,8
60,54
140,110
39,90
70,136
129,127
168,198
162,140
61,34
23,125
192,38
119,37
84,194
124,80
199,139
100,32
77,106
50,60
139,167
192,122
6,95
34,24
81,179
142,68
14,8
21,110
191,161
130,151
81,133
120,118
157,5
163,83
14,88
30,60
134,153
112,106
138,8
192,43
85,153
1,192
155,7
153,3
173,142
72,36
64,31
29,153
122,71
75,3
146,195
138,112
116,145
0,0
189,71
94,16
113,49
77,117
167,73
84,163
85,180
8,71
62,86
126,95
183,160
7,55
193,114
118,183
113,20
88,32
56,4
61,3
174,137
65,27
129,14
170,151
187,26
14,18
88,0
165,66
87,101
87,105
13,157
19,131
37,74
104,190
80,13
16,168
91,120
149,151
0,190
47,65
53,114
5,198
94,22
81,81
150,45
138,66
131,86
47,189
160,113
18,192
32,131
115,32
159,181
189,79
122,33
12,46
75,71
154,192
150,1
100,188
78,180
82,96
118,137
147,94
120,186
131,92
194,8
6,16
144,137
10,169
11,3
177,62
178,80
173,67
61,68
61,195
58,141
71,3
50,189
14,67
144,134
193,40
51,47
58,87
187,78
33,136
50,56
50,158
108,180
58,123
91,130
187,162
67,60
18,98
171,164
143,198
171,180
8,37
185,119
108,165
103,7
137,195
100,170
168,95
137,68
126,28
56,6
197,123
178,49
181,111
45,148
174,166
52,37
64,148
66,132
44,143
76,140
83,88
65,141
90,86
111,68
75,147
151,140
114,193
172,130
1,173
16,23
102,125
128,2
97,189
138,4
63,15
182,182
166,51
161,56
50,120
155,40
122,0
112,102
164,44
173,151
199,22
130,85
163,29
134,12
68,149
55,136
32,198
146,157
82,68
78,132
112,17
110,114
32,24
21,104
136,75
130,193
38,51
19,17
87,49
1,184
3,159
147,9
1,150
49,10
199,8
47,66
173,83
123,20
186,67
95,77
89,16
90,37
103,106
79,6
175,19
147,156
196,176
112,49
173,15
193,65
111,44
82,168
168,176
129,177
18,126
29,115
20,42
151,132
180,126
88,163
116,62
149,12
58,35
195,105
120,169
63,141
175,117
107,80
26,193
129,33
64,174
76,101
183,53
195,104
198,129
160,149
199,197
177,131
147,97
113,64
112,186
198,126
165,123
46,93
194,145
164,138
66,116
145,162
162,63
132,18
66,100
69,86
160,165
68,84
39,144
59,14
161,129
195,99
136,163
78,187
191,112
91,119
76,172
49,130
158,146
100,80
17,169
35,108
42,136
123,21
25,106
78,173
187,9
62,53
185,100
162,188
17,90
191,57
197,46
174,21
71,154
12,120
168,13
72,166
65,120
136,113
117,78
88,122
131,116
27,17
106,160
44,75
17,176
142,146
91,199
150,24
102,77
165,199
73,96
76,190
187,123
44,57
36,190
65,97
167,174
190,173
171,90
69,196
63,22
128,54
21,74
53,63
149,12
106,60
91,110
53,155
159,31
111,196
190,151
42,126
144,35
130,9
28,18
0,59
101,128
66,9
152,111
89,177
7,28
193,121
17,153
56,186
89,126
41,46
96,108
124,72
57,95
140,178
20,134
6,32
95,10
133,2
62,86
43,19
152,146
156,102
59,7
53,52
182,89
79,20
56,87
183,40
29,93
181,97
91,71
24,72
169,181
174,61
152,69
145,149
108,67
108,96
79,18
140,28
65,37
171,66
163,170
14,44
50,38
96,136
106,87
67,34
6,17
22,170
120,117
59,160
10,47
74,6
181,23
197,191
64,191
101,105
51,47
13,1
154,122
150,181
47,169
130,35
125,58
162,108
1,103
157,162
144,85
72,139
74,38
98,80
29,12
75,153
118,165
103,187
170,121
80,124
45,172
70,74
145,77
195,40
85,198
134,127
32,129
116,149
160,199
33,35
1,28
48,140
143,41
57,103
188,25
47,2
19,90
161,192
195,171
134,107
17,143
58,48
135,164
38,124
66,152
197,148
162,44
13,114
10,177
143,138
66,130
89,95
170,22
134,111
115,173
42,28
4,164
30,198
74,57
32,176
71,26
173,180
181,47
13,178
23,3
128,108
108,86
37,194
35,169
24,64
192,123
37,91
149,128
194,187
102,120
76,73
35,32
186,143
179,55
21,78
61,72
156,28
35,6
84,117
106,94
8,54
43,60
32,13
128,131
35,33
189,12
124,166
133,175
70,188
38,35
110,169
151,111
144,67
20,3
23,180
150,86
178,190
140,24
173,148
136,173
60,199
129,32
174,181
146,170
168,29
174,157
84,73
175,49
107,97
7,96
29,74
181,53
49,104
191,180
4,171
28,155
167,122
153,51
187,159
81,34
198,78
181,134
76,81
38,60
79,36
93,81
1,66
32,120
174,162
73,111
81,90
163,112
158,33
55,60
27,26
176,97
85,37
137,73
114,68
141,68
171,139
129,52
74,143
184,123
10,32
169,29
169,71
45,31
36,183
192,100
110,105
191,140
96,161
76,116
130,35
125,51
65,196
192,72
155,65
171,148
95,26
69,158
136,63
63,25
182,0
74,125
156,101
127,66
177,86
134,76
59,32
64,194
43,51
60,122
154,125
170,145
130,131
30,182
60,187
100,151
1,43
114,63
105,173
18,134
195,43
103,133
192,25
94,120
62,141
61,88
149,61
185,134
8,112
96,174
149,176
92,138
158,153
16,67
56,8
154,57
73,164
52,34
159,169
172,80
188,72
45,99
116,131
32,88
100,84
156,24
126,87
112,162
136,131
153,143
184,84
153,124
135,104
0,5
135,177
185,113
151,52
31,109
158,165
120,7
136,179
87,110
29,49
63,103
150,189
2,141
78,172
25,112
108,98
152,137
161,147
37,136
101,148
190,161
59,174
70,195
190,99
164,155
2,152
24,104
155,95
135,63
15,155
100,194
69,134
196,30
85,164
87,41
67,92
124,175
122,54
65,159
1,101
0,103
96,87
87,163
114,139
45,68
2,191
183,43
82,61
54,105
161,97
161,125
38,88
18,188
165,176
172,70
150,97
154,108
60,148
185,43
38,186
197,36
74,169
116,71
156,87
148,171
75,4
58,173
153,16
0,77
169,180
162,130
25,199
122,84
98,24
47,78
28,145
129,19
43,189
189,117
10,23
163,113
38,130
91,8
148,50
130,143
124,64
126,41
107,113
75,83
157,129
181,7
22,168
103,19
131,80
91,46
160,86
184,114
73,54
159,38
177,117
148,144
131,35
158,193
57,80
111,110
105,172
159,134
72,136
2,179
171,155
191,29
191,166
123,29
39,48
60,122
144,121
61,46
195,111
64,91
124,51
143,154
97,89
98,199
24,116
73,133
139,39
42,163
156,86
48,197
80,9
174,187
26,63
147,155
13,104
151,85
111,5
127,13
171,199
124,5
52,104
194,171
138,65
142,159
120,32
19,184
188,157
162,23
178,98
61,126
155,91
99,105
172,74
44,18
46,36
133,127
87,11
19,5
132,14
121,15
158,115
113,151
85,172
173,199
70,39
133,68
195,34
95,155
150,158
32,158
135,49
152,173
74,4
101,72
168,2
162,129
16,61
40,154
35,129
147,33
56,6
13,95
169,26
123,194
180,101
66,50
78,16
171,128
36,99
156,143
85,51
77,73
58,179
25,48
108,35
191,163
17,84
49,14
63,58
89,51
167,27
162,184
190,69
174,39
31,94
187,55
25,165
126,152
112,7
182,78
161,175
18,144
41,157
41,73
38,31
82,41
93,56
155,59
192,3
98,86
169,168
48,104
81,59
118,51
101,56
70,52
2,192
157,109
76,3
25,170
169,195
184,196
147,123
59,76
179,165
136,56
49,71
141,41
15,83
48,179
89,128
91,69
141,128
138,191
190,92
57,5
66,93
34,167
182,191
168,35
153,183
91,58
158,16
134,46
171,153
7,82
76,25
30,108
170,28
96,175
105,21
88,75
192,77
19,76
142,113
137,98
112,71
129,138
43,99
199,75
166,130
187,181
166,164
128,181
120,182
74,153
167,3
34,185
48,40
180,149
20,2
64,69
78,42
36,34
172,182
62,86
83,121
73,52
89,99
157,66
51,115
99,74
141,180
155,20
160,51
42,69
113,144
163,149
38,197
134,114
94,193
140,28
82,78
34,81
55,195
97,158
181,63
40,41
70,120
14,82
107,39
104,60
50,135
13,47
24,197
174,171
184,147
149,159
156,162
83,26
139,45
112,132
58,122
84,133
125,109
34,174
19,122
58,113
1,150
20,134
198,156
133,110
142,52
94,133
192,39
124,119
46,127
15,186
31,45
119,122
169,67
170,190
178,57
82,95
88,31
29,191
124,47
133,127
16,184
114,38
59,111
162,62
100,78
195,51
157,179
193,156
196,46
118,52
38,185
25,124
164,99
107,40
193,120
140,6
168,143
125,127
81,129
48,5
56,64
10,120
59,181
162,77
104,134
114,149
188,58
28,77
0,171
95,141
127,185
170,95
125,154
4,170
30,139
23,199
35,149
16,1
110,46
73,21
50,41
131,192
185,197
185,67
125,12
45,97
169,129
95,125
91,137
167,153
14,68
42,120
196,28
2,128
16,40
18,37
128,51
25,131
170,179
68,72
195,16
124,6
14,184
103,73
66,18
23,54
0,56
110,92
79,110
72,166
160,37
88,71
122,139
97,146
174,159
71,160
173,139
113,124
139,7
22,189
74,173
105,132
20,84
192,97
178,127
90,18
173,182
79,1
180,162
13,136
34,170
30,104
116,0
171,83
117,131
135,168
81,50
71,24
155,172
138,2
46,167
106,112
26,111
170,148
128,145
138,124
82,141
148,27
94,185
62,64
44,124
8,82
157,161
37,199
142,72
155,37
180,62
51,40
27,179
155,52
153,92
110,110
1,69
149,68
56,128
194,36
174,114
2,174
159,112
41,164
169,173
166,136
184,49
166,134
128,35
124,185
23,187
157,90
112,120
184,10
8,42
120,16
165,164
116,181
136,190
129,38
20,151
13,39
128,150
62,199
168,94
84,159
114,88
75,76
194,45
93,175
68,56
171,197
45,116
178,116
62,174
73,6
187,3
21,145
199,188
113,26
24,61
167,156
110,69
107,12
185,180
170,46
29,66
153,35
34,55
177,36
186,198
17,90
97,45
69,32
196,91
98,198
168,8
186,54
67,16
151,118
176,56
55,186
183,167
39,155
132,175
106,108
133,68
139,108
58,194
143,38
146,50
99,140
4,190
23,162
6,11
96,82
83,62
94,185
152,173
181,87
106,96
61,39
5,57
120,167
108,96
25,12
100,126
0,194
176,0
60,194
137,26
72,0
177,104
41,18
169,6
110,159
61,73
180,63
119,49
191,195
195,138
60,116
170,109
112,184
51,127
172,60
60,91
150,16
32,64
43,0
139,184
27,128
147,192
72,106
187,75
180,158
14,99
88,199
59,155
94,179
55,167
161,186
47,28
71,24
38,92
105,79
3,136
172,18
57,170
58,133
134,62
12,49
8,156
128,167
115,28
36,68
187,197
28,112
123,93
120,62
89,139
34,156
192,14
90,117
119,175
47,112
29,199
117,107
151,195
16,40
180,46
81,198
28,96
157,4
109,0
5,189
134,1
146,74
194,34
148,164
41,8
73,197
123,121
147,38
148,118
113,49
156,187
17,30
198,154
1,137
10,13
68,156
130,125
143,128
48,7
146,105
88,18
133,13
92,17
130,118
6,38
193,166
123,148
89,129
192,63
132,185
176,127
145,28
193,37
104,128
66,120
49,154
48,147
167,25
181,175
164,75
73,101
115,181
113,26
122,187
173,159
68,127
90,193
144,55
77,141
35,116
63,103
89,19
153,47
106,29
190,71
189,164
181,20
0,71
74,64
67,178
0,142
21,116
80,34
188,128
38,6
114,53
87,109
38,191
101,65
142,75
124,62
183,92
66,55
35,187
13,83
179,32
26,67
170,143
46,16
100,147
38,164
101,109
169,43
56,119
50,4
165,197
154,61
15,141
59,52
27,176
47,26
24,152
137,65
153,26
30,19
11,132
111,116
174,153
34,193
135,130
53,71
3,173
193,16
33,13
93,49
128,117
179,16
129,13
152,95
186,33
117,26
22,17
76,42
137,29
169,23
144,155
184,76
130,108
145,35
107,144
193,164
178,56
149,5
30,114
176,66
112,67
83,61
158,1
56,57
87,97
121,127
129,184
170,199
99,153
193,38
195,89
103,176
6,97
151,48
91,80
98,115
66,12
72,120
131,39
126,114
173,29
23,157
144,58
134,102
168,190
188,64
198,117
76,94
185,29
21,69
112,173
82,35
81,129
160,24
4,155
183,103
63,62
158,39
11,104
166,142
57,93
74,71
125,11
187,138
82,70
195,110
21,80
82,130
120,66
152,174
108,28
144,158
56,182
174,178
136,111
15,104
50,185
191,76
29,196
177,163
158,4
156,130
151,118
140,12
146,189
24,25
99,146
21,173
164,91
72,3
63,101
46,18
146,52
123,32
70,27
99,6
131,61
16,163
14,18
68,131
48,168
107,5
182,153
108,47
7,180
142,175
162,79
126,59
137,65
74,61
59,48
110,175
153,181
2,123
155,153
25,57
101,131
144,198
0,73
56,107
99,46
81,168
56,19
25,42
72,49
41,35
75,164
82,71
92,112
97,92
93,172
18,18
4,30
174,120
144,37
176,90
159,180
166,139
93,42
190,153
50,73
135,155
121,18
108,10
151,160
69,127
124,94
56,84
104,7
140,58
149,68
33,29
157,116
126,86
119,196
109,148
72,180
28,11
2,138
128,186
14,171
6,34
181,173
129,186
108,21
175,22
147,49
107,46
37,115
32,116
144,87
2,84
44,157
99,62
138,178
85,48
195,157
156,152
1,106
169,65
198,97
46,110
73,27
82,116
169,29
124,37
30,87
13,9
163,75
173,191
70,122
64,29
10,97
104,73
0,5
11,102
159,89
148,36
172,10
106,126
34,180
132,151
72,105
114,60
189,152
69,153
192,48
191,131
132,131
70,60
176,81
69,187
62,46
163,47
140,78
114,114
12,32
87,67
16,71
28,41
70,93
82,22
0,147
82,146
57,100
164,124
151,79
42,184
90,49
151,183
149,86
193,100
163,38
1,117
12,114
151,74
131,125
45,187
130,170
56,13
110,95
136,8
48,107
93,44
171,97
119,48
74,160
125,28
185,5
74,19
35,168
163,108
7,157
197,166
11,29
52,108
136,184
84,34
138,89
85,112
126,58
128,49
166,195
176,110
115,12
181,39
89,178
195,189
51,100
7,14
167,171
17,172
89,74
150,42
14,184
150,140
186,175
146,147
74,5
134,33
63,85
198,71
117,67
90,199
100,22
110,8
182,92
114,36
88,79
34,51
68,124
53,98
40,140
24,198
118,74
53,85
24,16
9,12
165,179
48,62
15,117
184,136
97,134
120,93
134,156
21,142
169,186
30,147
18,72
41,154
131,181
189,135
194,149
156,159
177,89
150,91
12,195
191,144
24,77
101,68
60,39
131,120
84,99
88,65
122,84
188,76
8,23
102,127
28,114
165,175
58,41
86,171
45,138
57,162
169,51
107,128
42,30
60,103
18,114
170,74
71,189
193,121
49,167
21,131
76,122
175,2
55,102
54,106
124,125
54,187
128,68
173,108
55,78
175,116
196,37
142,81
143,6
122,62
184,33
82,92
68,162
1,108
36,123
33,1
67,185
3,51
169,49
30,54
102,166
192,76
23,137
92,81
82,18
6,67
55,44
9,179
12,108
143,80
143,78
159,97
159,143
52,175
104,184
140,37
89,103
171,137
138,112
103,192
118,152
33,88
105,54
13,96
72,137
78,164
10,150
61,6
105,171
93,183
173,131
14,30
36,98
63,82
168,124
28,146
0,40
58,168
43,75
66,59
128,118
87,180
137,105
191,18
62,153
9,44
120,13
145,33
141,129
89,197
78,90
104,135
128,163
41,74
53,143
184,146
115,120
20,11
72,10
102,129
196,38
38,182
136,110
93,71
171,37
46,197
192,172
166,74
146,154
110,61
22,33
75,170
68,87
117,178
97,43
94,107
164,70
39,123
48,53
28,43
19,182
130,104
29,163
73,157
37,26
65,109
56,29
184,15
40,184
150,107
45,121
128,63
122,121
135,62
138,101
49,64
89,85
2,69
111,196
33,126
33,196
16,73
166,60
84,170
84,159
71,79
0,136
170,121
38,182
34,54
154,44
63,90
117,171
72,70
1,151
88,145
185,143
32,114
155,108
59,136
108,103
95,127
104,158
181,70
85,43
54,143
65,3
169,141
1,30
99,160
68,171
199,67
163,140
193,9
158,158
37,103
14,43
1,95
86,158
148,55
199,168
144,190
98,8
51,120
146,135
66,48
151,174
47,39
53,14
169,73
30,159
136,68
143,68
7,187
89,182
153,38
139,1
48,167
50,115
43,94
181,133
145,168
70,139
14,196
115,28
154,13
121,110
164,80
170,150
133,68
69,102
178,182
104,186
157,173
182,140
76,39
123,80
24,80
75,16
20,59
30,171
17,61
146,83
67,59
76,58
54,44
32,193
10,20
63,123
137,142
96,109
36,144
83,146
127,4
114,186
19,174
49,180
180,104
11,97
93,135
199,22
132,116
53,56
132,71
84,146
123,173
171,26
48,150
163,170
181,52
53,87
138,193
98,88
124,130
38,66
96,99
172,88
15,113
151,3
111,125
183,2
32,119
20,94
169,24
165,101
20,92
5,167
118,131
94,106
78,116
105,114
190,191
15,18
101,42
10,19
150,72
112,14
45,65
85,140
47,190
2,34
19,11
46,90
178,141
189,184
192,112
36,54
118,126
118,156
128,116
183,50
115,66
180,73
75,13
64,31
126,10
195,23
73,95
34,135
1,74
156,79
73,0
44,21
198,198
149,31
165,104
186,142
11,44
119,161
139,189
179,187
32,198
149,196
96,97
21,120
15,181
98,172
132,127
33,94
66,174
87,12
131,93
76,127
177,142
26,165
82,12
93,94
65,99
15,81
143,75
20,168
136,105
58,14
189,179
118,127
12,187
0,131
112,72
94,100
32,23
98,130
174,8
137,178
14,175
4,69
195,65
47,195
141,182
22,97
86,129
6,91
21,33
190,93
22,123
163,168
181,118
142,80
9,126
39,96
20,112
163,160
64,53
105,101
44,74
90,151
88,91
22,12
197,27
190,95
98,157
135,161
145,114
181,70
46,87
69,24
101,86
26,2
18,15
109,22
54,166
13,61
115,44
15,79
135,118
18,42
128,98
70,108
196,137
33,53
192,155
8,199
180,8
89,81
181,114
77,24
182,162
47,104
85,115
164,111
71,124
160,69
149,3
36,12
167,114
41,64
70,189
22,188
75,155
136,57
122,42
187,143
2,175
178,129
41,16
46,57
43,171
82,155
87,120
64,182
175,198
59,13
80,97
78,136
142,157
162,100
176,26
36,14
37,33
72,22
154,84
165,59
62,33
110,92
82,154
16,137
89,40
77,77
113,84
72,99
159,6
74,133
87,15
168,54
28,80
63,58
69,54
154,141
180,169
102,161
193,20
73,35
47,83
153,40
137,94
153,49
68,94
128,111
197,161
127,76
13,36
138,55
4,179
199,115
154,118
146,171
20,101
134,71
134,58
176,68
146,177
88,112
190,59
111,111
176,163
125,96
34,18
175,37
160,185
182,182
37,140
120,149
26,129
37,79
184,91
76,165
151,168
15,143
178,174
77,66
133,11
108,179
1,146
120,152
173,178
97,65
167,153
7,16
4,180
109,82
106,1
69,177
47,12
91,129
29,31
179,174
154,35
106,79
1,0
73,177
49,74
55,110
189,85
78,107
18,43
147,14
194,1
135,58
85,11
15,29
59,145
129,190
97,140
135,174
191,66
145,46
11,178
170,98
128,122
30,177
177,27
46,33
154,154
79,133
104,193
0,74
190,88
63,62
49,188
157,194
188,45
27,96
100,113
198,52
38,105
37,46
89,129
0,186
120,52
60,28
44,187
159,92
184,35
126,24
39,173
95,177
45,117
52,68
144,29
107,23
116,120
68,142
74,196
58,185
109,88
154,10
117,199
113,149
151,160
39,128
69,173
127,8
178,91
19,197
185,181
100,70
175,135
87,9
77,121
136,27
193,132
117,186
163,149
100,58
186,128
133,100
169,85
176,57
21,27
99,146
73,160
30,172
3,162
23,97
143,67
11,189
9,196
19,34
145,161
160,184
50,103
0,196
186,145
114,18
120,24
137,181
1,100
84,146
23,128
104,24
144,53
133,48
53,162
63,152
109,4
109,109
53,62
180,53
129,175
143,123
184,81
109,150
86,70
173,112
133,88
108,187
18,77
115,94
197,126
141,9
179,31
83,58
189,181
70,153
97,176
159,75
90,39
169,168
72,106
71,31
136,17
24,95
187,47
75,43
180,47
111,50
159,89
61,122
11,90
24,176
14,165
91,11
120,121
118,16
147,25
8,58
161,48
27,147
139,140
123,158
192,156
88,54
21,132
27,157
96,15
73,141
170,50
125,150
187,151
55,80
148,159
51,157
42,24
13,96
175,150
126,80
129,156
87,128
87,177
148,14
198,52
128,31
104,6
136,85
189,167
85,125
61,57
105,144
185,151
161,155
49,199
107,78
133,42
143,49
34,0
101,62
176,140
188,86
2,77
186,107
93,94
55,23
157,119
123,177
151,89
168,98
10,78
161,49
81,66
52,21
37,103
51,151
149,190
44,4
93,140
68,107
19,156
144,123
104,190
41,116
175,166
111,11
170,9
55,65
125,103
141,53
78,186
146,69
41,72
11,107
174,82
43,47
90,89
153,4
115,5
109,135
161,133
154,33
25,85
194,119
174,10
198,140
39,23
39,72
73,146
138,136
170,169
196,59
27,9
162,35
58,174
18,121
48,39
14,82
52,71
50,56
198,165
128,143
186,182
191,78
172,96
51,87
148,188
74,66
146,175
174,13
4,194
94,150
123,117
154,145
197,108
20,142
187,77
159,87
122,189
24,156
95,154
34,118
188,61
27,117
97,0
136,85
50,94
164,47
167,0
178,124
78,45
188,162
82,162
71,45
87,4
138,182
189,165
30,192
32,119
141,8
94,163
131,194
138,143
146,39
97,17
22,11
196,11
11,76
145,157
143,19
115,74
162,193
195,186
16,81
180,61
177,72
150,41
3,18
179,62
106,24
81,56
110,17
110,2
24,64
164,21
9,185
96,74
191,44
182,119
92,17
148,140
59,132
199,0
12,74
53,11
65,72
94,115
10,10
131,79
190,199
170,169
52,61
111,88
117,56
84,194
130,17
51,29
167,87
18,27
31,12
72,7
29,192
167,123
28,42
77,60
182,187
20,168
72,64
66,156
63,122
184,164
113,56
103,19
49,170
101,150
0,167
95,16
17,95
181,9
139,179
147,168
110,80
157,37
110,162
32,6
196,125
186,152
198,156
96,54
54,13
113,98
22,143
136,88
165,10
19,125
139,154
97,80
22,103
162,142
142,15
90,39
88,154
116,36
15,74
4,45
59,22
197,24
72,64
157,45
144,79
118,161
194,182
119,74
44,89
102,137
155,34
146,32
179,100
146,174
193,22
19,150
136,184
144,80
89,76
112,53
126,128
186,162
152,38
50,110
117,7
72,61
75,27
120,24
134,26
157,152
155,89
109,92
33,38
193,106
195,151
0,105
8,48
20,149
122,124
160,191
158,147
128,14
122,30
30,146
69,82
61,52
60,189
194,196
151,192
10,44
107,48
94,172
166,51
164,69
155,198
162,117
188,125
160,197
10,158
26,18
112,54
109,193
75,80
50,52
146,82
35,119
49,29
152,2
17,101
124,157
121,172
27,155
106,138
113,57
175,82
93,153
106,32
157,45
139,11
52,110
156,53
182,152
141,74
12,8
176,47
78,151
126,130
176,88
47,24
152,102
191,78
152,121
114,175
152,169
48,109
185,28
87,89
61,198
180,118
178,37
26,191
22,190
167,127
145,168
73,16
71,58
4,10
98,101
177,38
193,39
107,30
133,1
20,181
198,72
14,15
178,149
122,59
99,6
66,17
144,130
104,44
138,26
83,17
125,139
121,18
94,178
73,134
25,17
79,160
180,77
7,114
68,67
149,71
77,111
128,14
12,178
126,31
10,12
155,98
126,142
151,83
186,193
140,76
0,139
78,111
53,180
140,64
150,4
133,166
99,190
152,49
3,13
51,84
19,11
29,144
39,181
129,126
73,172
120,193
171,34
141,20
113,43
143,65
177,148
145,32
164,86
7,8
107,180
45,27
59,188
142,139
115,158
25,77
63,112
6,165
96,15
74,19
182,79
171,37
21,0
117,23
107,172
38,128
151,48
0,2
13,24
47,154
97,167
161,196
131,25
48,81
126,198
16,87
163,180
108,127
1,95
112,6
187,101
189,117
95,62
84,66
90,58
163,193
47,20
196,143
153,121
80,184
23,155
11,112
16,14
187,10
9,137
47,93
169,28
198,72
77,146
196,19
107,182
113,196
81,63
22,52
89,163
106,40
91,19
91,158
166,19
187,50
63,73
10,42
53,125
189,73
194,34
157,183
191,146
162,17
22,10
50,32
195,141
0,134
127,55
59,127
138,199
84,90
135,80
76,93
160,72
161,66
103,106
71,197
164,69
71,26
80,118
20,13
127,167
124,49
133,145
9,3
73,125
100,177
153,93
98,185
169,46
89,68
85,143
2,55
25,9
6,72
91,37
52,58
158,102
44,158
190,178
124,181
32,59
93,28
34,39
190,47
2,38
46,73
2,126
29,152
120,55
106,12
85,107
10,51
125,161
40,15
127,54
111,141
110,17
152,6
194,8
159,94
55,28
29,157
74,26
59,25
6,94
175,79
165,183
97,40
100,38
47,98
97,47
87,103
108,187
70,69
141,72
93,73
94,59
178,30
194,42
141,164
3,10
149,5
171,68
42,76
97,16
88,144
93,179
40,25
47,109
71,199
67,23
47,35
2,158
94,36
195,146
158,50
0,175
66,175
184,127
117,27
137,11
182,44
29,38
34,90
148,185
195,23
84,124
28,187
153,61
172,83
122,28
174,85
178,195
64,101
35,172
96,31
140,5
126,78
169,7
83,117
189,144
55,86
16,146
53,97
55,180
194,159
185,131
66,198
82,10
186,19
135,19
137,150
152,141
111,14
82,116
167,141
36,21
143,18
94,112
168,26
40,85
27,29
182,11
177,16
48,137
172,114
61,122
174,158
154,10
16,14
171,169
73,142
10,158
91,97
130,101
72,180
71,56
181,40
189,181
7,133
129,124
19,193
62,128
155,68
115,180
154,34
154,20
153,157
130,8
111,40
89,88
82,18
166,12
144,15
156,148
189,174
164,162
8,84
38,91
167,164
65,199
198,71
135,98
30,194
181,37
45,182
155,76
162,61
80,82
184,2
176,152
196,33
38,30
88,157
60,76
24,110
62,92
98,196
159,99
77,106
92,95
100,185
3,41
87,160
187,19
29,23
64,73
145,70
82,1
82,154
193,103
1,50
148,1
34,164
53,163
176,129
29,102
46,144
47,37
194,59
6,70
124,125
25,27
19,75
182,142
22,88
14,114
101,181
189,16
24,130
13,55
153,142
55,22
85,8
131,162
61,199
0,167
35,14
9,96
142,37
194,69
65,129
112,74
162,100
30,31
18,115
24,162
44,174
28,115
5,131
62,139
53,69
24,183
152,47
117,32
105,15
187,75
89,32
80,99
49,171
44,74
40,110
139,96
190,87
44,132
5,143
164,58
156,35
18,2
95,155
92,20
107,51
17,111
108,199
89,150
133,78
127,94
171,17
184,15
144,11
197,25
78,145
173,99
59,194
122,137
197,38
52,189
39,143
194,114
126,30
156,107
174,59
42,107
1,53
189,184
187,183
72,28
29,81
65,198
102,134
103,0
67,175
111,109
43,161
75,113
78,12
178,105
31,118
157,120
193,138
176,50
51,22
193,173
163,188
80,63
101,52
119,115
88,76
196,164
84,12
143,124
101,140
105,147
68,51
122,158
132,91
93,69
107,2
32,18
182,51
69,171
42,93
195,27
131,84
153,78
177,34
83,127
16,107
94,87
24,49
22,146
139,175
13,98
162,121
120,144
129,181
124,112
54,72
157,117
187,67
6,20
196,120
6,166
55,33
142,93
161,146
76,147
50,52
178,169
133,83
36,90
135,57
106,134
195,193
140,52
88,195
161,101
126,70
72,106
101,2
198,53
187,81
170,4
182,146
190,67
154,151
21,199
138,71
102,136
105,89
69,102
11,90
174,180
114,12
82,54
146,154
92,19
176,88
37,131
118,191
136,118
69,106
189,179
88,31
107,156
78,60
173,94
29,10
54,2
69,58
104,155
180,70
36,96
71,82
146,10
114,115
173,148
117,161
28,82
121,88
50,117
10,102
27,140
175,49
21,36
199,50
111,107
101,102
11,113
3,25
8,174
89,140
153,77
83,35
187,77
61,166
6,53
115,153
105,125
39,81
24,93
184,6
21,17
103,152
144,65
89,112
59,90
54,38
29,151
195,109
192,170
95,122
144,83
20,132
93,101
29,16
94,196
177,195
70,147
89,71
36,41
121,69
36,176
72,121
166,74
96,56
199,109
124,126
103,36
18,153
105,133
113,94
94,52
173,45
36,51
134,149
199,29
199,79
149,126
122,101
141,3
174,178
151,134
103,94
188,103
175,15
172,180
123,0
70,61
97,92
142,47
118,160
136,22
89,24
11,134
127,131
182,47
129,106
178,23
94,49
195,84
46,50
182,47
152,129
181,138
143,134
148,195
53,170
80,25
73,92
46,45
150,70
113,129
114,53
27,138
182,68
7,160
13,5
184,186
74,55
41,152
2,90
107,194
49,121
183,38
94,178
104,75
7,83
154,62
123,13
187,90
63,30
184,171
31,63
27,37
164,66
97,93
181,194
52,73
101,108
196,131
79,180
153,177
195,115
133,45
8,58
167,108
143,18
65,195
182,126
59,168
139,148
138,51
178,98
76,58
193,174
94,154
181,89
38,87
131,77
124,9
191,164
79,165
30,84
121,51
74,47
156,3
51,30
139,48
77,134
123,93
146,92
37,57
126,26
111,119
25,65
57,190
125,26
45,132
141,117
21,187
90,182
117,40
76,27
0,132
29,175
163,26
132,64
57,177
113,49
58,193
128,70
98,43
63,197
162,195
39,34
107,187
18,17
183,66
76,188
161,133
77,102
116,62
150,184
45,81
108,88
85,122
134,133
117,50
162,5
178,190
51,69
163,180
74,58
77,9
159,168
99,178
100,152
151,28
146,63
48,78
175,103
141,84
101,84
14,170
105,71
14,25
101,121
186,142
24,158
196,36
3,29
126,192
26,21
182,168
80,164
184,188
49,169
31,136
122,20
156,75
121,32
116,169
193,88
115,107
45,136
76,123
87,60
127,162
27,132
166,123
38,10
40,52
190,105
23,100
128,110
123,105
156,29
169,177
108,75
4,34
154,127
157,19
105,151
38,8
121,144
120,121
141,146
145,45
19,11
59,85
15,154
17,37
152,173
104,129
191,73
51,178
157,167
93,190
24,5
135,182
70,172
105,188
14,136
65,11
88,145
149,117
150,173
190,172
89,111
198,115
123,164
114,146
180,130
182,156
40,134
100,39
92,16
136,46
82,121
172,91
81,168
148,137
8,137
128,26
26,123
93,125
138,187
84,30
33,190
175,142
41,165
38,66
26,163
141,117
66,31
48,75
46,123
116,160
29,7
136,23
47,8
27,27
31,16
25,39
150,32
6,117
152,50
7,118
117,4
126,190
194,197
157,74
39,22
36,121
33,14
72,125
53,41
170,125
68,45
39,140
59,151
109,45
11,77
140,18
196,80
93,170
108,138
12,69
27,139
108,15
171,114
142,50
115,76
70,42
173,2
18,197
176,59
22,91
96,97
60,149
88,183
160,85
12,26
38,29
48,149
70,193
130,145
63,56
57,24
187,116
20,84
180,75
142,35
81,37
21,11
98,130
35,38
170,30
91,100
16,9
119,162
173,186
14,139
133,191
29,88
100,199
100,46
129,124
114,5
188,77
157,17
160,100
109,134
88,34
31,72
77,100
31,191
51,172
28,138
19,151
50,83
82,171
124,184
195,150
151,176
63,166
158,180
92,199
104,126
18,82
13,87
22,64
107,165
175,112
28,15
165,25
73,26
163,9
149,154
21,73
126,119
99,64
0,0
190,160
110,121
76,99
90,97
2,157
180,172
165,183
79,193
76,113
7,93
48,69
37,164
149,33
89,196
115,153
129,15
1,150
93,114
131,15
30,86
143,71
39,198
20,82
189,12
169,111
176,104
19,134
70,156
151,140
73,8
143,149
130,160
192,84
43,90
110,72
148,148
136,156
94,22
76,177
196,40
174,121
42,13
13,47
140,109
57,109
81,159
94,154
3,160
146,199
104,37
98,36
19,192
80,50
104,127
137,113
105,159
182,77
78,2
150,37
120,141
64,60
156,40
24,116
85,166
52,174
136,143
61,121
37,66
94,67
106,120
179,195
61,181
11,7
20,138
29,2
26,199
171,169
99,88
177,71
53,161
176,86
134,64
28,83
61,130
53,124
171,156
10,103
109,76
71,181
52,137
166,75
139,142
26,52
181,105
103,62
96,12
34,146
107,193
187,72
125,181
52,151
0,95
62,79
83,174
81,187
48,16
185,190
180,82
93,2
58,70
15,66
160,48
165,95
195,137
13,72
131,17
182,122
70,50
45,63
5,134
82,93
56,163
39,69
72,83
177,195
114,69
29,140
5,188
168,46
110,13
143,120
184,126
132,193
188,99
120,167
171,137
143,141
82,22
16,27
128,100
145,51
0,144
123,95
187,39
116,100
10,177
111,121
190,182
142,89
178,111
63,25
199,197
106,185
28,29
164,51
72,165
64,53
129,71
192,10
14,35
198,152
87,126
110,181
134,173
84,57
176,24
199,126
22,70
31,152
137,23
142,93
172,62
93,91
145,114
152,22
147,41
128,64
154,57
23,116
47,163
105,39
107,69
173,104
187,199
167,20
143,91
10,103
38,92
178,111
169,160
62,171
163,157
96,151
99,82
98,47
22,191
10,162
128,194
29,194
60,133
69,25
107,102
11,130
157,137
47,172
56,40
1,80
36,75
190,135
182,25
142,96
47,113
133,81
50,130
186,137
62,69
192,109
35,38
114,80
39,111
125,153
105,121
98,8
110,156
37,194
79,21
123,148
99,179
187,61
184,175
49,144
83,97
17,97
86,27
151,81
53,15
27,162
26,189
196,97
42,21
121,89
61,32
110,161
26,21
196,60
193,178
61,135
110,161
22,134
160,107
134,86
115,57
67,113
125,14
174,151
87,17
66,14
39,118
32,105
150,191
165,178
140,126
107,8
58,82
66,43
85,3
190,103
55,82
185,98
190,6
144,77
134,32
64,45
38,37
38,78
138,123
52,162
10,63
157,88
189,91
8,103
110,133
162,154
33,106
32,62
118,153
77,170
176,137
134,73
176,156
69,105
72,160
136,175
82,180
107,56
180,137
79,122
139,61
105,119
134,191
24,174
163,32
41,127
68,143
0,102
123,32
63,106
4,73
155,47
162,83
132,6
76,61
66,33
180,110
12,25
51,51
161,163
76,90
12,112
142,194
82,143
134,55
184,10
72,58
137,122
32,86
189,70
154,198
69,198
106,177
163,26
75,14
79,47
115,72
177,90
98,195
1,158
115,42
72,176
33,93
160,53
160,37
167,147
101,46
178,72
6,67
4,25
22,145
78,144
118,67
47,170
24,51
119,172
87,56
7,194
169,107
29,156
163,141
13,134
166,8
110,186
191,35
50,64
58,37
87,117
80,132
160,41
87,154
153,72
185,104
125,44
133,124
8,98
104,42
89,145
110,186
179,133
111,169
132,163
118,75
21,126
105,177
185,80
7,127
170,63
179,118
112,24
169,179
9,67
186,40
157,194
165,6
11,151
130,157
133,185
140,189
71,135
34,102
169,134
154,76
197,199
51,146
148,31
115,194
81,142
186,38
199,33
137,23
16,95
90,121
71,110
9,161
144,13
52,140
115,155
190,13
181,164
80,178
190,104
109,5
172,132
131,83
23,50
28,30
63,122
142,37
183,62
31,162
125,163
137,13
58,92
63,195
93,80
109,153
175,82
149,114
129,196
160,44
8,138
10,189
13,40
67,160
35,4
88,85
28,158
159,74
164,167
132,99
195,137
147,22
52,152
151,192
157,82
71,169
75,87
154,51
169,138
138,153
177,32
100,78
104,120
39,168
139,149
164,179
128,64
111,107
196,110
146,87
131,20
142,188
106,120
146,11
185,169
88,191
26,68
186,7
40,187
22,30
118,62
53,4
104,125
57,104
49,60
182,192
23,131
160,124
167,96
100,163
47,192
10,110
121,65
177,23
49,78
18,179
150,110
27,41
17,126
58,3
59,107
184,52
153,1
145,191
36,70
96,101
180,69
41,138
177,178
118,154
149,164
32,158
49,136
144,189
11,65
168,70
51,102
154,137
80,29
40,113
197,155
143,72
6,149
64,25
34,120
112,117
53,122
132,150
106,144
89,81
81,3
42,174
26,156
121,98
118,183
58,29
22,164
179,184
169,198
101,193
179,195
82,101
117,174
51,66
87,35
160,129
88,100
140,9
136,52
4,151
72,18
111,136
91,183
199,196
10,80
110,63
53,139
115,165
162,135
79,139
102,151
15,98
186,88
12,19
80,106
22,3
148,87
181,143
177,74
60,44
31,29
55,99
135,164
174,177
178,32
25,93
50,184
179,37
182,181
1,142
104,147
146,146
47,174
181,184
6,33
95,47
61,55
155,111
25,171
58,26
26,130
78,83
71,8
24,6
10,140
180,131
106,127
123,111
0,22
86,158
198,117
0,119
155,1
25,91
194,114
0,22
133,17
53,77
7,180
18,150
48,49
109,87
9,5
150,139
78,118
32,118
3,24
180,94
17,3
187,164
184,101
104,7
61,29
67,36
125,79
36,116
20,49
143,12
139,176
112,1
130,11
92,104
153,85
168,56
27,135
20,180
32,176
15,147
132,49
68,9
11,78
82,23
102,21
182,159
73,162
65,143
129,183
67,151
51,10
154,169
162,153
11,52
39,112
61,2
116,111
91,196
80,110
93,71
102,67
14,148
117,73
123,186
68,44
82,120
59,74
34,19
86,62
160,24
172,121
72,88
139,23
155,168
50,104
10,80
72,31
100,72
60,33
38,193
180,178
184,181
37,129
145,56
109,194
158,105
113,74
10,34
65,149
58,111
169,0
44,29
117,105
131,64
20,139
108,53
105,3
139,46
25,128
184,127
137,92
1,71
50,17
76,36
67,139
160,18
108,22
137,156
173,133
48,12
4,104
57,139
144,76
112,16
37,60
50,56
101,58
103,164
32,155
179,20
177,165
156,92
92,30
126,65
3,143
140,61
115,131
91,3
60,132
162,60
60,147
147,131
34,42
26,149
185,166
56,82
158,99
68,67
11,189
142,111
29,133
47,133
0,89
146,190
122,46
178,22
59,154
17,25
174,172
154,77
95,175
95,63
29,61
95,140
172,75
6,137
167,46
167,162
101,161
29,6
169,135
112,109
107,166
195,155
43,27
166,69
187,105
14,199
61,154
40,104
48,43
52,40
170,122
192,177
52,179
153,123
92,7
46,44
47,53
56,188
70,64
113,20
111,131
191,118
156,33
85,177
160,189
140,196
67,113
154,196
155,184
78,89
94,21
57,169
40,129
9,172
96,85
95,90
33,55
158,186
193,48
97,6
150,8
186,20
174,123
26,91
187,133
156,176
166,102
72,125
33,71
27,69
101,83
50,105
27,5
26,149
51,145
55,117
176,9
81,92
168,32
149,43
194,52
86,62
82,20
46,26
4,148
50,173
46,83
109,94
42,99
79,189
168,115
75,109
139,15
125,108
141,44
161,171
107,14
28,31
115,182
9,87
197,79
90,65
133,83
44,119
156,1
133,199
45,69
190,11
34,82
133,44
33,184
169,46
168,33
12,33
81,52
32,75
6,47
64,119
114,30
167,91
125,127
17,155
70,187
68,3
121,88
75,156
5,198
31,7
177,110
125,19
81,87
45,79
13,194
184,189
163,136
44,98
1,67
99,127
53,160
193,142
34,53
125,36
57,151
72,80
72,107
31,195
15,40
147,23
185,49
163,51
44,5
161,2
46,3
49,130
67,163
165,113
45,187
92,135
45,105
14,138
41,155
28,83
144,79
10,197
158,103
79,86
18,49
85,130
128,194
29,129
57,104
181,109
30,58
158,172
140,74
80,193
58,163
161,145
129,168
175,188
191,182
17,117
177,2
59,189
20,46
154,166
38,101
124,62
5,30
179,174
66,66
173,92
8,57
24,158
72,178
51,108
150,113
55,129
42,116
80,154
153,148
101,123
104,2
153,165
198,199
11,134
103,2
99,68
61,112
118,184
36,168
22,124
144,48
140,195
115,184
149,84
169,105
29,61
139,73
135,175
140,49
148,83
149,50
96,33
193,83
115,168
72,149
151,150
166,82
139,89
2,173
23,157
43,21
168,51
192,152
5,3
110,154
3,67
58,83
124,83
58,89
13,58
49,95
6,12
104,170
11,198
83,98
106,14
70,100
47,11
168,42
174,154
118,112
130,123
52,192
33,103
111,140
110,175
106,104
154,33
110,100
165,135
122,87
2,32
174,197
35,116
31,173
22,28
22,82
184,130
16,121
32,96
166,174
140,84
139,183
121,44
190,6
156,9
15,102
100,165
77,199
85,30
140,0
1,45
161,89
21,39
20,44
75,38
176,180
69,100
117,152
133,73
194,39
158,131
149,171
175,192
167,88
29,112
77,14
65,166
111,16
67,139
134,140
70,117
28,86
195,95
66,197
125,154
57,76
96,132
7,175
183,90
131,72
46,140
62,86
119,42
21,109
79,185
168,167
186,194
129,158
48,182
157,153
32,72
156,53
48,65
119,174
51,18
17,164
107,18
1,124
16,117
31,33
147,108
147,19
160,132
20,111
3,115
60,146
41,163
100,122
3,127
160,55
196,50
24,34
45,199
144,82
126,61
1,57
76,45
59,151
0,6
125,32
177,140
161,74
192,147
11,185
85,64
44,105
132,70
15,44
107,115
77,27
145,18
47,93
17,188
90,67
26,7
27,112
48,22
34,84
172,75
5,90
22,143
167,1
26,32
67,168
98,197
180,85
139,156
49,100
73,129
159,81
146,45
79,124
121,114
128,157
40,156
172,39
134,147
123,46
199,185
172,70
173,48
64,7
190,4
196,109
7,55
35,197
22,29
30,47
111,97
82,100
198,178
50,59
23,127
108,3
171,39
185,137
195,150
130,84
91,196
85,187
146,108
89,117
46,165
179,178
178,141
65,52
27,192
50,144
174,83
14,121
31,135
108,169
192,22
185,116
23,106
125,123
155,88
52,178
129,87
35,70
148,15
1,39
165,99
100,187
13,26
125,103
88,189
194,60
98,106
94,193
121,144
71,145
93,196
70,183
28,30
119,116
157,127
143,7
61,44
198,71
53,163
163,41
113,33
48,79
166,181
63,128
152,69
125,137
175,143
105,101
122,25
189,65
97,124
76,121
40,157
191,196
179,89
112,178
13,177
158,50
14,36
170,102
158,52
175,14
84,35
61,147
60,70
8,179
198,55
25,108
177,125
96,19
53,59
178,5
10,180
46,78
95,85
111,127
118,31
1,128
29,15
181,2
103,193
180,172
179,130
53,199
14,53
92,25
157,100
116,80
174,182
112,52
20,83
189,7
69,89
143,178
127,7
0,57
74,54
66,186
78,160
174,128
88,30
18,4
32,101
74,172
110,57
118,13
26,11
91,15
8,155
191,199
191,101
7,185
104,184
175,89
168,100
150,146
32,56
130,73
161,89
105,189
55,134
59,113
70,124
82,59
169,79
69,105
170,158
29,8
77,50
97,180
22,60
58,38
162,87
79,9
132,79
196,86
190,4
129,59
179,55
165,187
84,29
10,112
173,142
7,153
108,42
69,19
199,123
46,127
180,55
169,90
71,22
167,114
158,51
176,40
145,191
140,54
71,26
97,129
162,114
63,95
90,161
23,107
132,112
138,106
29,26
27,191
173,118
66,78
175,65
196,107
4,129
98,49
148,176
87,136
109,185
177,100
25,35
120,142
4,23
68,150
175,13
77,24
142,168
176,12
50,64
70,18
127,144
91,108
123,122
173,84
7,120
25,141
148,199
45,191
185,148
99,43
0,92
153,118
0,146
29,35
144,67
158,127
19,166
156,89
23,24
160,178
132,145
47,159
176,187
107,23
64,96
95,13
78,104
144,190
196,98
137,105
72,188
96,73
136,21
80,36
110,140
50,166
69,157
6,63
144,74
93,44
81,120
173,150
4,147
34,113
187,190
37,20
89,7
45,141
118,1
76,123
158,60
189,66
17,183
28,43
196,13
114,98
131,197
83,84
93,17
79,25
154,179
67,188
91,100
139,176
180,48
90,109
193,77
90,24
68,46
49,146
70,114
93,79
182,102
0,123
123,171
109,182
44,148
76,138
141,16
15,97
58,106
34,150
0,5
101,95
80,173
67,132
0,99
71,97
6,87
72,46
175,91
58,134
67,76
23,110
197,65
102,35
109,180
158,78
15,131
155,82
196,124
122,22
116,130
149,138
48,129
80,50
36,178
191,100
185,1
115,188
130,41
166,26
45,29
138,146
52,35
166,184
66,111
95,23
19,123
180,23
183,64
37,73
177,7
17,1
28,29
82,18
121,111
156,83
123,139
34,175
18,62
66,48
33,184
127,136
76,10
192,31
121,20
60,163
3,138
5,119
144,112
160,50
102,29
149,136
76,153
46,174
85,99
174,36
130,75
66,53
54,136
58,164
46,175
159,187
68,184
62,177
70,39
8,105
114,157
90,112
61,52
176,192
67,109
98,60
159,76
64,184
86,175
50,89
89,3
136,156
50,163
30,6
157,166
189,170
128,9
1,138
171,112
119,165
33,43
57,15
45,60
123,172
66,79
139,173
59,131
170,54
170,52
158,169
20,33
193,39
198,108
163,46
39,20
137,195
65,76
83,72
139,145
82,136
186,174
38,53
126,99
10,100
99,2
83,50
56,30
138,12
99,119
164,33
155,166
138,191
195,90
165,86
89,154
98,63
25,29
79,186
8,161
169,101
186,103
84,66
110,73
116,192
184,65
61,154
63,13
18,94
49,192
160,158
143,178
29,52
88,128
160,114
99,159
18,110
150,39
67,81
3,62
128,59
131,4
83,35
139,198
148,173
48,127
12,5
91,107
126,63
143,112
143,163
185,33
103,163
128,132
94,29
122,151
182,191
139,128
28,107
116,79
113,13
152,50
53,130
86,127
101,43
42,112
160,22
61,87
9,149
118,182
138,75
9,60
163,129
44,99
140,61
117,159
1,97
31,3
153,155
28,120
152,178
107,20
7,84
127,100
87,70
5,66
23,159
106,195
24,111
130,194
176,4
98,156
89,180
51,142
47,134
139,50
11,129
21,117
178,105
67,81
145,0
35,69
95,17
180,155
198,69
87,95
150,27
158,83
160,29
192,109
81,103
81,178
173,98
5,110
55,178
75,64
58,107
70,155
183,49
26,147
10,167
35,102
6,127
116,91
10,145
79,124
153,84
197,2
122,124
163,157
95,46
69,19
197,190
39,2
95,121
20,79
166,132
67,124
24,140
192,82
158,165
17,88
2,168
47,71
87,127
47,23
20,68
178,188
173,160
30,134
18,140
89,92
58,169
190,13
7,194
66,141
31,54
0,52
132,25
46,187
169,86
117,129
141,131
95,10
171,141
61,150
195,120
69,161
107,108
191,34
53,82
53,106
147,103
86,19
39,124
29,137
193,181
190,81
28,150
80,123
124,38
49,139
15,13
59,191
98,111
25,177
112,134
22,51
96,168
93,110
137,114
96,9
143,84
182,54
196,153
88,16
189,173
131,139
5,166
156,72
123,149
135,77
182,10
109,100
59,13
153,79
29,51
27,142
180,196
131,144
11,47
196,96
108,73
86,21
55,7
92,152
24,154
139,86
19,30
16,117
152,118
82,13
117,91
44,56
143,173
152,45
196,32
189,154
104,61
121,182
108,125
195,114
72,92
190,131
183,123
198,168
147,29
177,121
39,81
77,105
4,97
102,185
160,152
145,145
143,188
63,72
74,188
165,174
141,22
179,196
70,19
49,131
4,87
110,130
192,178
56,24
90,63
106,114
42,181
13,83
44,160
23,161
4,117
81,73
141,145
180,172
40,118
164,191
120,183
76,34
165,24
189,146
169,143
26,176
58,10
27,1
84,14
71,195
49,24
158,147
131,28
90,69
37,42
73,32
46,177
137,47
172,116
46,194
91,43
120,155
132,55
195,12
19,15
98,59
12,93
53,133
0,92
192,66
142,156
165,114
68,119
197,149
3,80
198,48
182,97
97,66
150,98
189,193
130,72
128,15
67,175
168,36
101,62
126,114
53,89
183,163
51,148
92,60
197,129
162,22
198,82
12,157
68,83
138,45
160,165
128,118
190,38
161,63
23,81
121,180
163,180
164,13
155,60
135,34
86,99
47,132
176,25
15,1
51,170
189,115
100,41
188,13
39,140
50,173
162,157
189,174
84,37
99,81
118,85
145,96
165,198
110,45
68,56
175,181
136,83
148,186
117,116
0,138
9,96
65,2
72,58
133,88
81,112
10,49
96,52
156,17
148,194
189,74
44,159
151,88
104,127
154,197
136,6
128,93
171,64
102,191
27,140
144,25
107,45
64,58
175,36
14,151
61,68
28,76
50,162
126,131
19,160
52,132
145,129
102,90
138,126
59,125
179,193
56,28
88,193
99,99
131,184
123,57
33,72
180,108
177,185
86,77
37,173
79,5
26,58
191,95
138,88
6,153
131,110
78,78
144,17
107,129
137,183
117,42
188,159
61,162
58,47
177,111
157,32
2,29
161,166
8,139
82,185
106,140
101,131
177,183
6,103
180,74
70,77
146,199
68,175
180,76
184,38
170,124
189,11
49,19
125,107
186,5
199,63
10,54
0,51
123,131
29,106
14,69
81,175
28,82
109,46
25,65
107,146
14,64
33,18
100,32
104,89
27,70
111,138
16,130
6,67
105,166
171,0
187,165
167,114
124,133
199,88
149,26
155,175
60,125
58,161
16,113
75,39
125,12
160,195
158,126
131,178
142,123
145,168
78,87
108,159
95,87
199,90
55,136
45,122
24,0
48,68
130,194
137,151
110,80
123,39
91,14
116,29
74,154
59,16
136,166
77,69
2,159
151,119
85,32
189,160
155,106
18,170
55,23
173,66
172,75
9,52
171,164
18,107
140,195
106,50
169,25
141,112
73,123
106,86
131,125
120,72
45,104
156,48
80,122
191,149
63,198
132,128
105,51
133,194
167,9
198,119
103,185
98,155
54,196
74,152
142,59
185,199
35,102
36,32
25,134
0,122
10,169
27,54
31,2
132,106
17,62
43,127
143,83
108,95
26,73
194,147
168,136
131,194
172,198
82,61
40,149
114,0
174,166
59,21
133,11
144,111
187,184
22,78
199,97
58,184
138,189
184,93
158,135
134,54
195,73
135,18
126,79
13,90
137,68
116,124
18,94
100,196
15,194
159,11
40,65
124,178
131,0
120,137
128,54
116,122
16,68
190,143
134,113
105,91
192,118
165,109
196,155
2,104
8,40
158,125
53,163
13,86
174,177
143,191
66,86
24,186
101,82
22,156
98,165
155,49
157,192
85,52
102,81
109,129
49,192
187,129
64,16
155,124
93,85
154,111
81,13
83,45
93,156
57,91
2,2
135,25
194,73
158,166
49,159
66,34
161,36
105,29
184,90
173,117
175,6
94,193
139,124
123,70
49,159
156,43
94,121
137,166
102,133
123,130
160,33
113,35
12,6
160,47
33,118
198,93
45,164
33,1
145,124
55,132
74,190
173,5
38,49
106,100
54,156
187,144
41,174
82,39
31,139
91,135
145,110
130,129
40,190
76,34
141,63
164,56
3,150
60,83
3,112
128,137
108,181
2,24
173,88
133,23
174,190
157,145
9,160
26,157
103,159
145,141
35,54
169,197
100,8
0,60
107,58
28,53
84,109
192,110
112,50
64,65
87,169
79,199
3,130
169,40
91,142
56,111
30,69
113,38
25,103
134,172
126,18
14,8
173,191
65,24
176,59
75,30
71,151
146,157
111,147
187,93
149,177
183,26
80,159
89,0
150,31
131,51
25,80
132,176
186,136
68,178
61,120
189,151
121,194
181,158
126,149
80,174
156,156
85,139
58,141
71,21
77,7
110,55
119,149
128,90
9,13
123,30
0,24
126,72
30,59
175,156
117,36
129,86
91,88
74,9
9,144
18,166
122,126
1,128
74,101
158,16
68,115
9,44
34,53
43,143
140,73
192,6
87,20
27,73
178,14
184,152
44,17
191,33
179,185
164,149
105,71
104,77
61,8
15,107
9,145
85,141
197,184
55,122
130,100
82,96
22,113
174,128
58,124
78,182
28,82
41,148
46,171
3,109
57,172
168,13
47,57
28,32
129,49
29,184
90,193
127,100
88,119
75,171
91,168
36,171
17,55
142,65
20,154
186,50
55,94
96,18
85,181
121,83
70,15
134,32
87,119
157,62
30,122
181,103
45,75
1,158
135,187
155,2
59,166
191,113
129,36
48,24
144,165
186,77
79,6
178,58
23,19
67,70
117,23
190,150
0,58
74,123
69,103
98,63
159,155
69,10
62,28
26,4
65,66
70,16
170,68
137,78
94,134
169,195
33,22
140,40
78,122
62,84
167,19
189,107
56,182
11,49
167,38
188,24
112,104
174,122
46,62
128,128
82,59
108,0
51,171
131,154
151,37
169,7
187,154
18,46
136,82
199,117
23,126
12,87
116,27
175,113
172,28
117,18
142,182
70,45
22,60
27,107
11,189
135,113
65,60
84,198
107,96
162,95
88,74
19,44
168,107
77,26
120,74
75,70
197,125
153,69
56,35
82,93
111,167
93,189
11,82
155,177
36,161
129,186
135,45
37,190
60,93
92,97
22,71
185,195
1,87
20,82
55,187
198,107
83,175
13,141
117,67
130,65
103,20
97,139
98,78
67,32
96,70
51,124
85,128
69,179
110,138
174,91
185,9
169,196
166,8
76,180
132,4
2,76
136,124
20,159
2,7
78,146
199,4
32,111
144,158
137,37
68,23
72,165
183,196
41,71
198,161
161,62
104,0
111,138
108,68
59,111
158,101
110,71
35,144
196,173
155,34
104,129
57,57
83,171
190,172
27,135
57,153
3,3
18,198
35,162
81,28
146,122
152,79
95,5
100,44
106,153
25,72
61,133
53,160
66,188
94,115
134,80
157,112
138,180
178,43
13,49
6,19
63,59
164,7
182,8
142,104
105,82
183,125
66,123
172,35
22,131
100,138
158,73
14,86
92,30
16,102
136,24
145,97
71,160
47,136
69,177
65,92
150,41
45,6
109,65
40,154
177,149
77,78
144,114
84,60
141,113
198,100
64,55
183,63
178,60
135,163
155,79
87,136
118,59
174,131
121,5
142,67
93,87
165,175
89,150
191,105
171,119
153,10
154,136
55,13
163,81
116,188
141,105
158,7
150,189
150,10
143,76
149,50
194,183
50,15
68,95
40,31
173,142
191,139
158,16
113,8
165,59
179,124
193,7
31,82
180,38
12,83
126,147
23,51
86,62
104,0
52,16
166,47
159,143
30,45
111,130
197,1
69,103
121,152
168,50
131,11
44,103
125,20
2,174
57,185
163,144
72,137
45,112
191,163
69,35
142,43
162,196
165,140
64,194
90,54
125,75
191,74
149,155
41,91
169,63
66,97
174,120
51,22
35,16
38,0
67,116
4,89
125,101
90,4
95,84
123,21
67,173
153,115
191,139
197,21
9,6
100,161
168,26
121,158
179,22
85,50
95,60
101,83
5,174
27,89
106,145
129,62
105,177
118,165
163,120
95,78
54,182
183,110
7,173
89,31
149,13
96,170
27,129
193,75
118,161
117,27
176,116
0,8
33,3
102,49
131,36
38,96
60,1
78,116
197,52
181,123
107,119
102,197
57,181
9,101
42,169
38,137
22,75
162,170
17,26
35,119
117,27
86,16
196,34
175,73
187,33
112,154
1,7
27,22
122,86
48,84
107,196
161,168
97,158
48,194
76,46
101,152
55,47
158,171
96,54
51,80
4,114
191,133
54,138
134,101
30,40
121,78
191,102
88,83
60,126
76,12
37,91
125,89
12,193
28,159
4,147
20,128
132,93
94,22
97,198
176,82
38,34
49,168
118,104
194,23
168,81
110,177
131,133
126,4
29,182
166,6
73,121
103,186
109,170
29,25
23,104
121,145
23,100
99,101
179,76
40,92
129,58
102,151
92,62
102,198
70,68
102,82
115,4
150,95
7,82
77,5
132,66
99,123
159,17
42,25
195,141
27,46
151,64
162,105
81,107
162,25
109,123
72,128
48,99
94,107
77,176
178,178
119,132
188,45
199,89
115,147
156,134
114,170
20,44
173,77
41,147
172,198
37,88
53,155
118,1
46,152
66,164
96,58
47,45
191,75
33,150
168,172
17,115
91,112
123,187
148,49
23,107
172,12
3,6
185,80
102,192
188,190
142,161
164,141
170,55
150,180
166,103
84,155
87,44
24,61
90,109
36,50
55,121
130,91
2,166
28,77
55,71
158,83
122,51
97,93
42,175
162,176
17,35
31,101
121,176
97,181
66,54
115,107
122,59
107,127
39,17
47,136
162,123
4,181
131,120
165,22
138,37
140,80
139,180
98,67
157,81
35,163
105,147
58,37
53,46
50,124
72,198
181,12
69,1
170,105
110,153
132,116
22,165
124,89
119,104
42,97
193,20
148,169
85,132
167,22
51,168
144,59
98,87
110,18
17,8
133,116
51,138
23,59
177,128
99,37
166,184
71,48
75,15
149,99
103,110
100,1
9,92
86,193
99,133
162,16
61,123
126,103
64,153
188,177
87,195
62,12
87,184
19,183
74,25
185,43
116,156
70,141
65,97
174,192
90,183
92,41
174,141
95,150
96,15
34,45
49,199
49,106
76,23
41,27
98,151
171,128
183,32
21,86
101,94
153,31
99,162
193,68
39,24
129,125
199,54
162,138
179,132
57,43
43,184
30,97
155,147
121,137
104,191
155,179
187,67
35,163
114,83
97,35
31,137
45,78
198,14
194,177
161,118
89,53
53,125
136,164
167,155
197,125
23,191
119,119
27,13
90,55
94,48
112,96
170,145
105,115
53,58
193,12
55,136
157,117
163,10
122,102
176,14
24,48
15,101
167,82
135,48
5,48
74,98
54,160
183,56
151,65
39,159
88,137
186,161
135,198
54,81
98,89
180,143
154,40
94,177
121,177
163,41
119,98
29,42
11,143
10,163
17,196
170,1
87,158
11,50
97,124
173,128
35,88
196,10
184,2
124,18
195,87
33,157
24,142
124,164
135,4
180,156
143,199
22,36
82,117
150,119
72,185
89,82
64,146
179,119
117,159
183,24
52,2
5,72
155,67
127,14
31,72
167,28
171,199
41,164
109,165
58,166
118,143
49,13
134,157
103,143
73,82
95,123
102,111
113,1
139,92
117,175
75,114
26,29
81,36
78,193
89,6
136,51
98,88
44,35
73,150
12,159
74,42
117,76
156,145
84,134
138,65
79,185
42,182
127,109
155,89
180,70
187,58
36,106
92,1
29,137
137,86
79,182
194,132
144,149
178,190
163,127
142,137
87,163
141,16
152,197
130,15
148,132
110,160
116,20
3,174
177,133
117,44
181,99
2,171
51,43
89,184
184,68
167,166
161,6
113,105
79,0
49,137
152,54
122,88
71,99
163,60
86,130
152,140
8,186
183,103
90,19
125,20
13,131
45,27
46,148
113,36
73,199
66,45
187,107
194,64
112,81
32,2
124,147
60,129
54,127
147,136
1,18
73,123
144,56
77,90
64,127
44,131
128,42
3,71
65,110
119,78
31,18
19,104
118,111
1,43
30,57
92,143
157,55
186,18
191,36
125,89
10,63
0,159
160,18
148,138
93,12
191,42
190,156
124,165
4,95
17,30
192,4
85,117
19,122
195,131
193,4
12,151
134,174
64,46
122,136
125,77
155,28
90,85
86,174
75,167
63,97
48,117
13,195
94,115
5,130
79,22
176,116
97,185
123,72
52,97
86,12
190,32
102,62
143,180
31,69
120,44
57,25
50,6
64,184
149,37
122,154
180,47
138,199
158,196
41,117
83,109
187,179
92,85
144,181
79,88
107,147
73,40
101,125
198,66
180,86
22,10
77,93
115,123
134,11
159,110
136,119
5,39
41,4
193,127
117,32
184,80
24,174
0,161
83,6
191,41
168,75
67,133
122,16
122,197
172,175
21,148
77,131
33,128
177,0
123,153
15,111
169,81
92,53
35,19
132,21
145,74
190,63
95,170
128,1
165,46
8,21
118,9
8,110
15,0
118,180
76,172
176,13
86,80
168,186
85,101
71,85
26,77
56,197
0,86
14,32
88,88
19,165
169,69
18,151
49,91
73,68
119,165
37,33
157,164
137,64
192,155
132,123
74,192
124,33
29,163
162,67
1,23
116,38
156,175
47,151
20,153
63,41
129,171
138,118
79,118
189,23
190,108
145,33
39,95
161,36
132,44
153,70
151,197
114,98
14,37
171,145
113,72
30,23
85,24
173,48
165,183
79,85
157,118
177,77
89,79
170,113
1,115
60,70
56,58
96,43
68,15
81,90
20,75
164,17
166,93
63,99
151,140
156,46
109,100
99,37
143,113
178,142
58,180
8,138
62,28
183,167
18,97
147,5
192,22
61,64
69,167
167,33
92,154
122,68
107,52
111,86
152,0
123,186
115,133
3,158
40,77
148,141
21,57
52,22
50,146
30,163
170,144
95,126
76,22
107,156
87,150
107,136
197,164
54,39
89,124
102,63
116,148
72,105
111,170
85,7
77,80
35,55
156,190
4,169
87,11
35,23
197,193
161,5
85,160
93,17
169,172
56,61
108,182
180,81
155,40
38,184
32,48
46,185
42,104
174,77
42,111
143,55
67,133
26,93
162,113
12,165
2,145
105,14
18,174
55,82
5,114
2,164
130,149
124,10
118,100
20,97
34,119
186,48
78,60
119,28
23,138
160,121
70,88
85,16
22,171
86,100
108,166
149,116
19,12
65,25
162,143
98,129
28,25
107,110
154,161
108,197
44,97
198,94
3,21
121,119
37,83
124,10
120,57
71,74
160,70
50,116
121,82
150,2
2,165
154,166
123,115
116,186
195,23
86,179
134,120
107,181
27,158
80,43
90,139
31,59
72,85
28,52
139,155
32,70
144,20
179,63
52,170
131,154
24,127
92,144
196,56
183,53
139,34
24,159
89,39
50,94
197,2
99,157
132,195
80,187
89,15
177,50
1,171
9,115
37,138
113,17
44,16
31,73
157,180
50,102
8,109
166,113
193,166
175,24
55,75
133,181
64,40
148,153
179,91
58,23
117,22
100,56
94,3
135,2
4,25
28,14
160,31
3,99
157,39
181,40
80,46
55,61
21,172
162,145
146,167
116,1
23,170
66,75
140,29
62,103
107,176
108,187
195,170
198,178
4,193
164,178
4,117
192,1
76,126
160,83
180,198
45,88
177,51
154,196
187,57
193,109
141,159
192,50
103,48
126,169
88,48
133,58
171,77
79,169
188,77
90,159
115,27
58,104
84,65
1,119
109,47
153,91
64,185
38,110
91,110
83,66
77,60
116,101
14,178
40,164
144,24
135,65
102,30
81,18
2,185
186,124
27,110
195,137
156,38
113,170
199,81
165,40
34,124
179,66
112,101
126,19
109,38
124,64
19,138
128,36
54,99
85,45
181,184
22,10
84,90
36,177
154,124
164,58
92,166
30,67
180,192
43,89
180,171
165,86
85,172
62,123
169,176
184,23
33,66
62,131
4,36
68,114
175,167
39,164
190,21
158,144
31,148
101,54
150,0
34,94
68,32
80,117
184,165
0,42
102,194
14,50
103,162
90,54
187,74
27,137
133,105
12,12
171,131
166,153
105,106
112,90
74,178
124,11
66,178
85,194
168,67
168,116
58,33
149,128
194,86
195,14
122,25
65,172
175,122
30,119
53,154
177,104
106,153
95,96
85,130
80,178
75,113
16,27
83,117
22,95
7,69
44,8
81,65
23,104
126,40
8,34
119,35
196,59
42,38
7,105
87,57
14,189
158,138
79,69
126,171
47,84
122,153
163,180
161,188
32,83
69,44
177,118
32,189
0,34
182,180
167,137
102,171
2,163
190,107
62,185
161,26
182,36
72,46
184,193
107,116
168,199
24,186
134,148
33,57
17,139
40,87
45,13
99,47
92,181
8,139
127,108
77,39
66,52
103,0
154,82
139,166
86,35
153,56
16,110
92,159
165,111
94,109
102,14
32,63
14,164
190,174
21,99
143,101
56,192
192,107
14,71
134,94
113,190
48,171
64,194
114,85
156,60
8,171
151,130
172,20
3,8
105,38
193,174
181,172
89,77
35,168
122,165
35,129
157,182
44,59
131,109
163,161
102,57
46,123
68,166
88,157
65,163
52,188
62,161
97,68
35,80
130,168
2,113
20,111
142,48
171,128
114,72
98,80
9,121
47,199
28,157
10,118
41,20
6,163
68,194
96,62
48,159
176,123
117,68
13,178
25,181
9,118
184,105
83,144
81,38
116,129
183,101
178,165
180,177
151,150
21,73
187,195
108,116
27,78
129,170
69,58
87,22
45,60
35,142
106,98
68,64
44,140
31,22
142,63
76,118
142,82
11,162
102,131
12,58
196,183
43,128
83,7
70,33
34,179
156,114
39,98
101,117
87,7
189,125
67,81
86,158
128,197
78,134
143,19
142,173
141,80
58,43
117,16
30,118
13,16
4,131
184,196
46,62
100,167
186,100
57,159
155,44
172,186
151,174
115,19
72,9
106,192
168,138
20,173
28,173
95,112
126,49
113,37
31,148
78,35
36,52
195,84
70,85
117,84
136,163
166,75
140,68
180,19
5,116
183,23
130,11
58,135
18,59
17,119
182,28
150,115
95,41
119,104
144,158
74,109
12,139
75,150
170,111
68,104
83,172
108,1
119,103
199,39
192,148
6,30
0,157
59,94
195,173
131,60
147,58
22,117
103,122
86,95
64,112
93,140
64,96
57,44
192,3
70,71
196,76
182,195
91,119
123,180
94,83
68,127
184,75
199,18
149,172
93,14
188,193
173,125
44,83
84,163
54,115
140,32
58,190
130,106
179,94
117,154
6,76
153,23
97,150
57,38
85,176
167,127
44,156
149,156
3,93
60,2
193,98
42,93
141,169
67,104
191,139
56,180
190,92
76,187
87,47
51,9
102,67
173,29
147,1
7,25
82,78
87,152
58,121
4,153
128,77
65,13
12,53
65,145
43,65
102,0
5,171
104,107
195,9
113,189
105,100
131,165
155,96
66,72
73,52
34,139
44,72
107,53
171,10
68,82
16,56
173,194
35,68
176,189
30,12
31,22
143,103
160,95
132,2
109,168
66,133
95,98
59,156
48,77
37,107
40,98
170,59
36,152
144,1
120,197
27,78
191,123
177,146
11,89
98,188
180,121
70,142
40,135
3,175
2,2
120,13
106,16
168,62
39,55
166,82
182,183
115,139
159,21
196,185
68,52
61,91
112,77
35,66
60,197
46,123
170,136
119,86
145,63
124,42
174,129
66,67
30,18
151,19
0,181
27,27
100,132
92,87
56,194
76,61
147,164
163,145
111,43
67,177
182,72
148,111
144,59
21,4
197,47
24,66
75,123
43,10
43,29
3,83
162,197
166,104
105,98
172,140
182,145
122,112
143,23
124,151
178,40
3,12
166,73
51,98
143,132
113,77
12,153
166,11
195,149
85,111
179,94
63,67
133,152
186,98
77,72
105,143
14,1
168,80
66,13
190,91
3,182
71,69
13,32
156,100
62,160
88,92
47,119
120,96
51,81
153,57
11,55
150,88
85,138
156,176
60,58
66,71
181,194
125,19
72,34
61,134
177,28
84,177
42,118
13,182
140,189
51,186
15,32
5,152
13,135
55,44
113,76
85,44
91,179
23,32
136,160
174,191
180,32
152,72
52,11
156,189
181,69
122,90
77,117
76,139
61,199
14,134
194,146
182,8
107,106
114,53
102,136
56,66
14,29
119,33
173,141
152,165
152,24
6,117
150,104
94,136
8,22
102,23
70,181
195,75
52,54
189,17
16,108
130,185
196,46
196,181
132,98
190,48
67,104
74,75
118,61
182,94
126,31
78,75
26,138
153,128
147,77
179,81
197,100
179,65
85,29
33,106
181,126
122,99
18,103
112,18
81,129
63,133
195,193
43,165
157,112
197,187
116,72
16,133
45,193
29,183
20,127
134,35
70,165
6,173
26,82
117,150
111,22
195,172
143,47
7,175
142,53
12,172
50,74
124,199
2,15
97,184
71,53
142,44
77,48
42,184
38,28
18,37
42,15
128,85
4,115
175,120
127,168
149,195
42,141
134,141
176,87
114,87
49,1
43,99
80,180
88,187
2,159
10,17
178,62
16,103
33,79
146,148
143,102
116,145
23,59
144,28
97,135
16,159
30,128
145,30
55,56
42,189
161,35
141,16
51,125
177,7
56,119
120,128
67,168
22,28
124,102
150,98
14,104
58,187
113,184
24,124
139,52
111,156
33,104
144,117
46,116
74,100
88,114
32,106
92,107
102,177
22,19
107,50
49,12
119,114
163,164
4,142
117,23
2,98
154,65
139,98
1,198
86,192
184,97
30,18
188,126
13,196
180,42
79,35
55,136
182,138
92,163
81,87
126,119
91,115
133,122
144,193
53,65
112,45
174,47
124,195
183,61
51,79
135,2
48,117
170,158
9,145
97,19
67,43
40,154
104,188
173,7
189,37
74,173
144,70
165,39
181,120
171,176
172,86
171,22
130,92
54,177
146,142
98,46
154,47
164,83
86,197
124,107
85,97
94,150
69,7
145,38
63,186
53,157
53,24
143,170
140,100
17,44
193,12
80,44
29,186
29,115
140,43
1,14
120,144
29,47
145,57
15,145
112,80
130,8
15,49
170,168
70,25
28,25
177,135
6,30
56,162
88,92
83,159
181,13
187,35
179,131
90,133
41,166
0,31
80,143
3,39
183,163
67,159
174,185
95,14
138,35
105,12
29,117
130,18
170,51
4,60
109,155
115,109
69,41
21,150
78,138
56,88
169,165
184,64
120,185
74,107
136,192
166,10
88,27
134,144
119,98
98,95
92,11
192,38
81,0
97,160
182,48
130,118
45,149
155,45
30,63
188,195
72,195
64,37
24,150
71,187
185,94
48,55
79,98
198,84
162,168
17,176
58,102
24,8
51,49
38,192
145,45
58,172
2,153
53,87
30,134
66,182
125,17
123,13
1,137
103,22
36,43
35,45
40,87
86,62
189,116
106,169
37,193
98,170
182,7
129,173
186,187
196,113
102,98
194,72
184,24
19,5
171,59
186,5
188,127
155,85
169,44
86,105
1,176
91,37
130,144
178,128
26,181
39,102
0,39
140,38
57,33
195,95
148,63
119,59
187,130
68,37
4,104
164,48
135,12
199,74
192,20
25,81
165,28
130,164
192,87
187,78
167,182
145,20
188,29
93,196
33,94
41,65
51,91
70,7
136,65
83,15
45,126
134,17
46,163
167,100
16,86
112,110
85,139
108,149
36,153
166,12
70,178
11,40
145,188
67,91
24,26
186,10
105,9
133,21
154,159
199,21
150,52
36,65
114,150
152,146
114,100
193,184
141,11
83,111
22,41
100,49
100,105
147,135
180,146
5,160
82,189
25,190
75,184
113,89
2,30
7,176
141,99
98,2
148,53
127,156
66,127
73,196
114,191
95,19
30,134
75,143
34,93
111,46
21,148
163,60
176,12
37,184
102,195
45,31
80,103
132,179
89,18
193,130
31,99
79,179
0,121
159,109
119,28
93,63
102,21
126,152
50,63
26,152
113,147
108,50
146,29
169,103
107,120
68,11
68,16
160,45
76,167
12,119
92,15
50,178
111,154
39,123
120,158
14,198
53,107
55,122
89,30
179,152
52,117
5,35
191,44
116,25
43,64
60,77
171,80
9,131
19,159
29,143
42,33
30,32
128,86
79,45
176,62
78,8
39,185
196,169
15,17
145,87
24,55
47,27
28,24
89,67
78,101
48,34
112,35
30,191
195,52
108,131
169,198
35,185
168,18
8,132
58,39
8,42
33,146
0,142
126,75
5,141
169,112
167,85
107,124
133,144
143,103
1,102
139,15
75,156
109,195
151,122
69,124
69,115
167,183
89,159
45,31
147,180
160,186
35,155
128,97
183,48
28,19
70,194
155,2
14,142
33,122
163,169
128,50
181,117
24,10
57,26
66,69
24,163
159,40
12,1
147,119
56,140
101,21
152,159
141,9
55,4
52,121
181,79
120,195
179,129
156,65
130,34
48,131
182,162
47,50
65,179
4,81
30,173
122,53
179,94
57,13
46,21
98,149
19,162
176,30
46,86
130,184
64,57
59,119
99,158
111,113
64,68
73,2
159,173
93,142
193,68
0,167
109,0
57,88
40,181
27,61
172,79
45,165
131,166
35,166
92,197
63,53
155,2
95,142
39,101
92,49
76,65
11,175
146,196
65,59
132,144
154,133
123,66
53,95
28,144
53,117
90,45
11,56
8,30
74,93
139,118
130,104
149,179
129,169
57,184
83,49
120,96
37,179
191,123
193,116
168,163
187,24
96,169
54,37
165,141
78,78
62,77
91,134
146,2
127,181
60,32
86,63
20,68
168,22
188,178
73,26
151,70
130,53
70,170
71,2
169,120
71,46
115,1
5,37
182,11
121,7
171,100
194,195
70,5
172,80
197,176
100,142
144,74
69,162
81,119
108,129
1,63
110,199
126,89
81,96
75,189
137,132
78,8
117,180
112,34
34,195
140,183
184,83
87,151
35,18
185,104
142,46
134,130
108,192
125,96
197,116
60,108
13,140
71,137
100,88
70,118
85,168
106,92
15,43
18,67
124,97
100,133
151,161
18,184
187,75
46,21
105,111
119,71
27,137
3,105
73,36
6,17
97,5
181,88
60,26
118,30
130,126
46,113
21,60
22,70
193,161
168,112
190,39
74,170
105,199
115,22
102,179
83,191
32,28
75,196
114,93
26,76
146,57
144,133
105,107
79,178
82,145
67,19
7,148
126,3
100,79
154,23
168,95
31,144
7,128
137,187
169,168
9,181
55,109
3,20
57,37
126,3
192,196
45,178
58,62
97,32
20,179
129,110
120,78
187,54
30,35
155,181
140,58
86,1
12,22
101,75
54,196
153,127
85,7
124,103
53,145
101,67
89,33
131,192
155,40
120,152
3,184
85,15
37,133
8,163
162,9
102,163
187,18
151,142
79,133
171,169
149,180
124,53
18,133
134,173
166,154
88,21
162,23
111,167
8,183
133,98
37,118
135,119
115,29
132,42
32,35
67,199
105,8
193,107
153,107
9,142
37,82
185,65
88,153
136,164
56,121
191,121
126,16
82,66
90,41
171,162
70,123
94,171
34,74
141,28
30,133
24,82
112,48
180,42
40,2
2,11
116,181
11,172
55,137
163,27
127,145
15,198
85,77
61,69
0,59
181,121
142,5
19,12
83,20
82,158
76,118
9,181
146,0
11,154
51,99
11,112
126,4
7,90
36,40
100,81
46,34
91,2
107,175
94,134
12,155
76,154
193,56
149,39
194,55
177,137
55,38
134,198
130,44
93,13
155,20
129,51
67,122
26,6
173,155
33,196
175,17
0,185
124,13
190,32
194,143
13,174
170,121
95,154
185,46
18,90
19,167
96,101
40,6
109,194
189,100
32,62
53,69
74,186
155,37
66,12
191,145
162,191
140,116
50,179
181,60
29,132
118,163
89,120
195,132
148,15
1,123
165,67
25,121
46,15
79,71
182,108
194,39
174,154
22,78
24,109
46,117
177,19
18,162
170,43
67,171
72,145
32,16
92,2
163,126
7,74
172,102
179,160
39,159
38,93
104,76
123,199
129,159
122,142
61,4
189,11
143,175
125,121
170,177
95,87
18,199
33,60
113,162
175,138
147,134
112,42
115,196
138,11
139,49
89,152
145,94
99,158
184,167
40,140
59,77
111,122
136,42
127,73
148,58
44,57
180,92
103,77
54,77
2,157
176,177
4,75
100,78
38,138
64,99
4,68
81,161
92,182
103,189
181,119
56,22
10,17
179,175
159,30
33,69
163,136
65,176
162,118
156,5
70,168
176,9
6,177
136,167
79,118
129,71
34,162
176,30
157,100
168,18
194,166
198,172
168,152
31,165
42,48
160,86
80,128
61,175
109,152
119,8
163,23
24,123
197,57
60,136
80,92
93,149
194,37
164,23
46,88
115,123
86,23
161,13
161,168
31,170
50,102
181,167
43,95
180,177
90,70
22,74
102,130
66,71
132,71
196,49
97,70
153,25
24,29
158,16
177,134
47,16
46,185
178,185
174,176
88,100
170,137
129,17
12,16
111,167
137,194
122,186
63,31
139,129
25,175
170,117
109,173
118,1
117,95
190,176
29,24
33,141
174,34
0,99
140,73
115,156
183,182
110,161
50,9
25,191
121,26
36,159
99,47
190,5
10,180
117,68
186,120
45,65
31,138
162,118
14,63
197,12
139,6
114,86
160,16
27,72
162,118
41,159
2,59
46,145
61,94
134,101
30,129
30,173
141,69
188,57
31,130
15,36
165,76
12,86
139,159
145,127
123,54
88,65
150,118
27,21
153,188
141,170
195,146
129,121
122,162
104,97
102,68
4,195
181,127
34,2
191,139
42,78
16,99
104,10
6,197
11,53
47,133
46,136
109,117
117,156
144,143
84,23
106,117
2,27
54,141
81,181
174,82
14,170
43,13
132,97
130,157
79,61
33,154
97,81
78,95
80,170
126,141
94,82
25,176
159,82
110,79
9,21
199,61
198,142
162,11
119,73
57,89
93,36
108,147
149,95
153,157
155,108
61,186
173,123
172,7
4,32
97,163
31,138
111,142
25,3
112,160
107,182
178,93
143,30
141,8
87,72
69,139
109,111
132,194
69,47
137,67
60,166
193,166
145,97
137,111
1,195
42,86
48,92
62,47
132,4
192,106
8,32
157,105
103,79
132,105
115,115
37,41
93,133
86,189
46,30
174,160
77,178
153,15
190,145
39,188
45,186
51,123
68,71
86,145
183,120
160,94
69,63
150,159
189,46
138,193
97,39
134,84
193,136
101,107
61,190
129,29
148,198
81,129
16,135
58,31
104,80
173,23
152,129
124,173
6,107
154,32
43,132
107,22
86,69
95,16
100,149
146,183
167,176
164,153
122,30
100,106
158,15
177,131
168,3
63,148
40,96
119,130
131,33
22,2
130,84
42,36
91,181
52,85
155,101
74,175
19,100
139,10
66,42
4,35
167,27
129,108
156,149
159,112
49,82
32,62
95,154
15,10
105,192
110,85
57,107
4,84
21,153
166,194
28,189
39,181
29,69
124,158
167,47
62,178
157,15
48,181
188,71
168,66
27,155
132,45
64,161
77,161
94,69
85,73
182,52
196,5
52,194
86,39
70,0
76,78
135,97
76,163
173,76
146,196
67,165
100,123
168,97
76,113
138,3
91,199
168,123
101,154
124,175
5,42
161,100
158,191
119,150
175,7
1,193
37,85
149,165
49,199
158,196
107,37
110,64
100,104
149,139
164,19
92,101
131,138
181,17
75,52
108,108
95,199
127,41
14,124
172,7
34,144
180,64
136,59
168,13
45,91
72,146
85,83
134,116
59,39
136,99
162,28
185,61
22,99
14,141
175,87
48,133
164,154
128,77
192,155
56,176
73,150
66,39
166,136
104,129
109,48
6,43
116,161
92,172
16,168
174,137
15,156
157,41
147,197
12,19
10,82
93,155
50,183
130,173
10,199
75,65
141,171
23,35
18,103
73,63
186,66
157,120
137,92
165,110
196,2
116,40
84,93
112,152
141,39
33,95
1,52
32,141
53,12
13,142
118,95
78,61
112,183
21,190
60,36
175,150
104,167
147,63
152,132
97,22
89,118
38,152
43,93
47,195
94,193
168,42
29,93
166,118
166,156
191,24
151,79
52,187
176,99
50,197
139,97
59,85
177,4
142,193
36,118
143,103
178,28
165,147
79,194
115,108
43,132
53,121
138,11
179,110
192,38
30,168
136,115
25,179
123,170
86,72
22,157
3,148
22,171
168,55
94,123
56,181
102,192
156,102
66,42
4,104
69,160
49,143
158,188
81,165
127,5
140,44
140,12
116,120
53,50
7,110
159,46
131,194
183,24
185,81
138,49
46,159
19,149
108,133
187,122
136,23
47,85
120,173
135,97
187,92
113,3
73,162
195,150
61,15
134,37
24,163
38,141
199,188
107,17
96,99
157,70
179,67
26,21
115,19
123,130
150,120
197,77
15,30
50,20
9,119
189,156
25,3
84,46
77,13
77,55
67,180
32,12
192,121
127,20
6,147
54,102
117,25
66,196
127,122
126,195
32,63
52,115
196,74
26,159
118,15
198,112
3,162
23,5
123,43
136,176
127,37
188,180
47,38
103,1
2,126
8,6
55,97
16,75
21,87
26,41
82,158
192,166
105,128
97,12
107,161
169,43
82,135
171,144
37,78
193,163
65,168
21,150
0,194
65,196
168,17
44,157
158,186
20,99
134,110
88,175
115,126
45,23
23,139
26,179
93,69
189,172
94,38
31,55
127,124
119,94
63,66
142,49
82,12
171,142
148,134
147,21
113,3
101,48
122,3
87,52
118,152
64,159
32,160
73,127
6,46
91,165
130,116
112,4
161,0
139,134
122,99
123,59
107,83
156,51
85,3
70,69
43,102
138,11
142,21
140,101
120,159
33,53
80,147
70,53
165,146
62,69
104,47
31,88
37,69
155,41
131,192
84,68
82,20
93,30
32,6
159,2
156,2
117,140
93,199
82,153
125,108
76,182
129,21
151,1
2,98
74,9
66,42
36,137
15,184
114,61
123,180
143,109
166,30
150,78
71,0
20,197
73,43
32,50
139,52
3,177
133,152
11,165
145,183
82,90
13,195
155,40
66,9
5,197
91,137
10,83
181,123
127,111
5,63
174,132
169,188
188,187
106,93
197,28
24,7
51,46
80,184
73,96
31,193
71,158
115,90
180,36
199,47
120,188
38,49
53,75
133,71
138,194
14,106
61,195
160,36
12,121
121,162
112,110
13,132
10,29
110,85
94,67
169,143
176,105
12,63
106,85
128,196
173,74
15,9
70,38
122,197
29,15
1,58
19,1
75,105
162,128
179,82
88,50
35,109
71,155
91,50
95,198
59,90
131,104
62,49
158,133
166,141
46,181
157,52
133,151
0,116
37,85
27,124
25,79
80,51
20,6
140,126
167,188
95,39
159,110
184,29
159,37
59,33
26,156
147,148
43,96
2,6
90,151
103,0
112,111
127,102
21,16
15,135
162,64
46,16
126,40
148,4
62,105
112,25
97,119
52,82
140,113
70,185
149,168
97,70
21,9
127,196
4,44
102,77
81,157
24,101
12,167
191,111
152,91
2,156
76,60
172,98
20,196
92,60
102,136
196,173
50,172
146,66
69,157
113,158
19,130
141,61
142,182
10,178
62,128
37,174
115,168
56,43
16,66
60,105
94,87
170,36
65,84
85,15
86,94
82,54
59,3
7,70
32,93
116,67
183,1
110,122
193,106
86,59
88,171
81,150
167,103
74,101
84,30
63,128
43,126
50,105
77,34
82,39
131,142
106,90
113,192
61,14
31,55
138,192
134,170
188,42
56,190
104,92
97,3
74,180
183,184
25,178
143,11
128,47
95,164
163,122
142,122
149,80
71,24
138,26
182,82
182,198
40,110
28,12
1,164
123,127
83,52
182,155
176,71
90,153
86,134
74,4
155,100
177,188
122,10
74,155
25,108
135,49
187,146
27,33
161,51
13,63
147,53
153,100
3,110
104,37
165,1
185,171
62,192
17,24
81,199
160,156
65,72
85,6
191,180
24,110
193,91
198,165
152,47
135,101
45,81
72,160
51,65
17,37
75,55
169,5
61,176
190,15
151,125
45,107
14,90
155,114
99,44
21,62
44,11
26,41
124,171
169,130
111,177
177,61
198,66
39,185
155,180
66,125
92,112
188,114
127,142
100,18
1,31
31,165
20,18
167,189
25,160
104,4
0,40
109,199
15,62
152,151
34,28
56,4
64,104
137,153
131,53
11,126
23,188
49,150
56,30
174,2
120,105
90,37
101,52
162,169
38,164
104,48
169,174
87,186
131,58
175,184
125,16
57,153
121,169
70,141
94,121
191,35
194,146
109,108
180,165
141,106
41,50
149,18
97,56
27,132
19,73
145,172
31,77
198,150
52,110
143,39
16,147
184,143
64,145
91,38
99,136
164,107
45,0
26,158
178,51
9,114
156,46
110,134
189,81
83,61
40,12
46,57
178,80
174,84
66,73
5,4
32,145
135,44
17,195
142,178
69,48
146,95
0,84
113,69
162,189
84,120
198,115
72,20
35,4
109,175
189,165
121,65
152,83
107,138
169,142
96,191
175,87
133,88
126,90
180,192
57,179
29,26
14,149
82,181
179,168
67,181
79,57
67,13
76,199
23,159
184,151
15,92
172,126
55,113
143,60
67,49
173,158
46,181
156,60
190,19
135,86
75,119
50,119
41,33
8,2
189,84
169,141
179,79
119,81
41,19
59,33
35,9
95,3
179,191
2,102
147,42
185,145
17,54
12,0
8,139
50,136
25,47
147,17
140,50
20,24
63,166
49,177
12,141
50,134
73,55
79,60
114,166
171,64
23,143
198,170
139,148
92,5
45,101
103,145
0,142
110,38
136,20
13,18
12,26
114,18
88,153
192,47
192,150
80,127
11,104
121,189
159,122
26,63
161,147
62,65
157,1
50,23
66,168
181,161
199,38
168,196
86,184
23,23
99,34
172,86
19,42
67,121
6,33
86,84
61,84
59,100
103,96
195,148
180,58
121,102
60,175
137,177
197,29
51,194
147,25
12,106
46,145
13,198
152,61
172,153
50,7
164,56
183,141
154,199
86,64
64,166
111,81
196,33
24,104
134,150
13,65
95,135
192,33
98,110
98,55
44,4
122,85
84,50
169,194
23,63
131,44
70,185
126,17
45,161
188,128
30,15
20,113
199,81
122,25
175,193
16,5
71,116
60,74
39,10
178,78
14,182
126,69
98,150
169,105
145,129
126,40
131,186
82,96
2,33
19,174
138,160
6,70
99,136
66,40
190,56
35,112
16,93
106,124
32,157
178,71
172,156
59,157
17,68
187,4
53,80
9,193
190,55
130,27
123,111
138,46
172,156
87,29
183,65
27,8
164,66
127,105
143,114
105,95
153,134
120,60
75,48
96,101
60,52
111,136
36,16
16,163
21,167
164,110
192,146
150,143
83,12
193,168
125,36
161,78
42,112
157,135
146,95
4,47
110,139
62,125
45,25
30,47
190,80
160,57
49,172
12,69
79,68
112,48
62,128
189,17
171,15
74,52
175,142
50,119
31,62
42,171
77,31
161,66
186,184
74,129
22,51
175,181
196,131
94,52
155,197
64,130
73,156
149,164
75,152
111,111
179,23
89,121
98,47
166,117
164,67
144,46
131,163
64,179
121,80
49,24
45,153
13,66
88,32
34,150
24,3
146,51
159,38
34,4
61,189
145,61
74,196
112,186
133,81
164,147
91,68
80,180
70,194
15,45
35,131
128,80
155,28
28,102
54,53
59,49
165,139
192,171
92,70
142,190
1,85
28,175
190,97
49,124
88,60
100,133
167,78
86,115
72,180
91,50
197,195
36,154
50,49
106,113
50,154
20,129
7,75
77,121
125,122
32,52
12,86
85,130
149,73
39,114
158,197
191,0
148,5
23,43
45,35
52,183
16,76
185,197
40,120
181,157
71,42
3,138
163,178
137,62
46,20
180,82
182,104
121,59
102,115
98,160
93,9
145,169
11,84
37,133
131,97
127,112
139,32
49,171
142,123
97,32
62,149
118,73
83,43
177,147
173,19
157,41
73,101
101,70
22,170
97,156
36,131
160,40
54,101
192,99
133,18
154,125
33,46
86,190
40,63
117,8
81,125
49,1
175,184
74,109
23,55
197,91
131,99
101,48
129,43
92,28
104,166
58,166
131,23
85,185
128,120
180,67
190,33
166,175
78,125
8,30
40,137
175,179
52,78
131,116
183,153
166,108
123,102
102,14
126,188
82,73
52,72
161,126
146,146
68,184
126,57
127,81
67,155
184,107
147,62
14,151
68,33
168,191
84,5
130,186
17,36
169,22
158,154
18,113
39,125
110,31
23,193
48,12
56,198
155,190
194,188
16,55
20,110
73,115
164,25
89,75
66,116
65,184
164,159
29,46
171,43
132,7
155,79
181,121
29,4
78,104
165,122
30,59
74,74
92,140
78,26
104,129
168,47
129,128
46,111
157,38
117,38
140,16
188,67
153,50
182,80
43,50
16,16
137,130
76,142
154,31
82,49
112,44
184,199
103,80
92,192
65,32
125,88
74,187
189,116
132,121
86,56
142,193
103,69
175,26
57,198
44,188
114,10
158,188
163,154
76,57
20,149
31,61
117,135
62,132
147,47
62,60
181,9
86,157
61,73
124,196
76,131
6,36
83,104
15,147
120,130
2,173
48,29
165,148
117,59
179,140
137,42
44,22
136,166
86,38
170,68
30,185
67,25
102,8
137,86
98,151
112,165
139,106
87,176
70,189
32,185
180,52
182,137
31,71
99,141
180,95
153,151
120,40
85,82
90,37
75,32
121,25
166,43
41,148
57,50
28,159
8,194
98,119
194,76
75,88
112,111
123,61
117,32
82,32
192,83
197,135
98,102
74,115
146,77
1,143
102,131
54,30
87,58
48,89
79,120
34,26
184,193
151,72
96,48
85,150
103,45
72,68
103,20
168,143
100,35
6,56
71,33
61,36
10,125
55,18
195,186
58,145
40,91
78,14
82,74
129,65
156,45
180,109
195,152
33,93
40,117
126,55
77,124
143,162
144,5
187,16
121,139
66,28
198,55
192,141
48,159
10,149
33,5
74,144
61,71
186,158
191,165
98,144
36,16
164,95
1,182
35,158
1,139
95,197
47,172
189,26
4,99
89,21
44,146
4,82
199,137
179,178
51,6
95,181
166,90
102,72
78,176
175,182
43,106
105,176
190,129
162,21
81,70
1,128
156,8
119,90
146,95
79,2
165,102
188,41
47,82
72,154
198,46
63,16
18,22
116,173
177,14
135,10
41,57
45,155
155,52
5,191
148,186
69,70
93,23
35,131
49,4
92,94
138,39
78,32
48,21
94,48
125,183
76,28
191,121
65,162
84,72
197,155
59,61
16,27
163,108
25,115
52,113
40,126
54,61
197,20
167,25
77,65
150,114
83,137
72,22
136,15
46,147
70,110
138,46
149,21
192,26
182,147
119,121
19,3
196,147
101,61
95,26
7,94
64,121
82,131
89,11
116,134
192,60
115,53
127,16
87,153
80,42
98,81
81,96
170,4
28,126
87,24
80,30
159,192
51,22
88,132
54,99
147,100
61,38
174,56
23,129
32,93
147,119
194,40
177,6
179,66
176,111
186,103
176,99
41,59
69,6
94,58
40,84
116,21
199,96
44,89
187,112
10,120
150,85
109,58
81,54
77,52
168,146
90,176
178,141
29,32
172,145
102,17
157,95
7,82
28,149
189,180
175,3
18,101
65,186
103,38
85,43
121,194
42,173
186,128
91,197
18,144
78,169
9,28
171,122
94,62
0,77
187,34
82,154
19,47
93,142
32,196
158,34
87,178
145,48
93,107
151,57
65,86
148,24
152,30
71,97
157,49
61,183
124,168
63,72
193,27
75,66
173,152
28,0
61,34
158,28
77,56
114,190
153,5
121,98
144,40
22,78
179,104
50,50
197,181
76,24
9,147
146,82
7,124
131,90
75,195
5,164
169,132
130,187
107,130
22,14
34,152
170,22
174,117
10,97
26,103
167,105
34,59
22,34
188,62
26,187
146,35
100,170
53,152
114,108
88,133
137,181
169,15
76,135
48,24
156,123
57,167
101,28
130,196
198,95
47,31
18,118
41,26
132,99
52,148
2,159
172,174
21,144
123,34
196,2
82,35
61,166
192,68
99,65
91,4
155,96
80,26
118,63
37,79
56,130
117,37
85,52
43,95
64,35
64,41
51,67
8,154
82,147
104,4
159,96
93,133
113,165
90,73
109,192
63,86
108,46
22,121
6,189
65,85
20,8
34,180
58,163
81,73
74,185
3,199
69,36
41,150
16,63
109,10
128,79
112,191
18,60
141,55
161,146
39,100
51,131
90,104
159,11
26,165
197,6
189,129
69,41
112,48
155,145
139,123
64,24
97,62
178,193
23,28
55,148
62,21
164,179
106,106
74,168
18,94
89,23
96,141
108,9
156,48
52,123
148,149
4,37
69,125
164,44
116,132
106,0
184,126
32,10
72,11
155,121
69,194
105,148
150,116
178,16
91,173
76,128
66,136
9,22
103,148
156,58
43,56
158,196
92,109
149,89
185,139
89,121
152,116
173,121
196,114
79,108
167,150
195,37
95,147
164,165
196,57
149,133
39,53
185,31
135,94
167,38
94,197
111,91
188,58
33,163
89,51
198,121
10,70
191,167
55,39
34,195
0,141
64,162
173,141
77,176
118,38
70,7
80,153
140,141
36,180
64,7
46,172
61,51
101,29
97,165
173,9
189,47
145,31
138,23
45,122
117,173
64,124
61,43
129,139
58,122
28,35
115,188
72,195
177,94
25,167
58,14
60,138
120,186
64,84
38,155
179,139
170,150
133,173
93,138
62,51
51,24
159,180
94,162
104,118
197,75
117,151
15,150
182,95
8,147
31,110
4,181
130,47
150,6
158,151
13,74
107,15
120,70
144,5
103,181
18,86
6,92
70,33
84,77
95,54
92,48
0,129
177,189
164,183
198,70
96,169
114,198
65,106
158,182
129,87
136,127
158,163
32,159
173,97
192,123
133,69
103,143
151,157
142,166
187,110
98,187
142,21
131,72
116,132
1,5
39,58
29,148
174,193
89,80
47,178
136,143
139,77
115,37
164,53
171,59
142,128
20,138
161,20
95,151
54,95
102,64
18,136
82,130
180,94
14,171
17,34
146,151
83,50
79,32
56,12
39,88
196,146
26,58
40,171
91,145
31,165
118,113
86,116
151,151
117,162
27,165
166,71
11,61
97,83
192,197
90,140
91,139
98,141
67,60
46,118
6,102
180,69
145,113
63,8
10,181
171,131
120,171
65,60
177,90
87,131
35,50
98,180
86,109
109,185
68,34
44,122
49,74
60,8
118,91
75,34
87,138
17,25
115,192
154,40
75,97
174,199
132,6
80,167
135,51
90,169
151,91
116,62
61,44
98,194
21,46
197,69
35,165
8,191
108,154
184,34
29,110
28,36
128,139
194,42
136,65
52,197
196,40
23,105
72,107
124,162
174,164
197,132
60,153
188,7
56,180
122,194
193,146
117,90
17,27
124,35
24,77
107,179
27,78
0,120
90,83
85,180
148,155
48,157
92,124
117,107
141,171
116,98
45,174
134,178
182,129
8,44
114,100
7,112
60,167
194,57
84,2
74,133
54,3
53,44
173,110
194,108
47,162
130,66
130,149
7,56
187,144
84,128
118,17
156,82
32,162
181,22
184,195
48,109
3,94
183,1
18,107
5,26
41,21
127,136
17,157
35,86
89,160
117,59
106,187
130,163
6,73
70,112
175,112
12,73
59,12
164,147
4,96
51,196
36,178
24,190
46,168
52,84
160,33
101,99
51,163
185,52
15,140
153,133
108,199
144,68
139,22
89,167
132,112
26,189
145,9
45,184
5,44
147,42
186,180
180,119
137,52
140,183
53,86
102,142
31,18
38,159
53,198
90,111
162,87
8,114
45,166
185,1
167,90
141,162
191,175
120,8
120,175
122,76
15,88
21,31
51,59
29,166
99,35
40,189
48,174
151,110
160,133
34,28
116,176
161,46
19,39
25,182
86,55
157,89
184,197
158,85
181,139
65,14
19,183
109,8
174,113
169,4
171,125
90,0
156,157
58,77
15,34
135,168
181,160
96,106
24,23
196,100
41,2
138,60
115,172
110,185
10,147
70,50
199,121
87,83
61,193
138,99
78,36
185,58
160,43
199,59
163,133
79,99
73,138
148,179
100,115
78,136
94,11
68,79
129,12
110,119
191,143
79,11
113,71
131,156
99,23
185,160
108,175
19,67
148,2
71,188
110,188
127,122
142,195
49,4
187,131
79,7
45,134
190,93
179,31
4,1
78,191
175,75
162,4
29,120
134,143
39,56
14,32
193,55
35,61
59,138
21,160
117,9
85,141
191,27
4,152
141,138
97,134
162,81
83,167
136,18
166,138
165,112
198,69
17,76
68,186
14,54
116,133
197,180
192,164
79,57
149,48
151,177
62,54
65,36
52,58
157,45
180,81
127,137
32,157
174,100
196,54
67,8
105,41
194,163
51,159
138,197
42,8
110,191
14,1
171,126
59,22
8,135
144,121
153,183
106,19
58,83
134,133
118,69
134,148
133,105
139,109
73,161
135,46
138,2
140,115
115,192
32,85
84,40
104,27
130,146
40,48
169,108
132,148
21,124
52,9
44,86
4,5
154,25
157,38
20,151
11,12
61,104
185,128
148,167
130,142
159,198
90,185
105,129
197,118
129,136
127,115
35,101
13,179
160,28
11,197
102,199
61,93
166,67
113,123
42,92
196,150
42,133
32,82
91,169
98,114
82,175
61,125
83,2
131,10
190,75
136,84
55,173
48,100
180,152
161,147
149,50
187,149
191,10
33,125
37,115
105,149
125,57
114,145
77,187
124,80
7,146
76,136
54,180
179,105
120,154
8,186
127,175
175,185
27,13
37,71
145,114
22,156
120,164
192,21
67,171
14,197
153,24
161,150
93,149
4,136
99,55
96,23
67,93
0,141
69,27
191,125
149,175
189,102
9,43
38,138
131,62
151,23
152,114
140,116
196,109
120,1
181,100
193,109
183,95
15,1
58,54
132,88
15,177
177,59
46,52
78,23
20,0
12,159
81,18
177,115
168,113
54,167
3,77
85,191
139,123
110,134
8,13
30,175
80,127
137,104
123,19
48,34
163,172
199,33
186,163
126,159
195,13
61,36
70,133
86,136
157,70
2,113
164,38
189,19
170,65
45,191
177,29
36,5
28,185
137,134
156,110
175,43
189,166
184,54
118,172
168,65
133,43
1,77
148,35
8,51
135,25
165,29
178,135
85,97
14,70
32,15
157,114
88,42
9,183
125,87
72,195
28,177
176,27
182,170
107,145
126,82
178,129
99,107
160,102
50,112
27,79
56,111
106,76
23,71
67,122
124,181
99,185
198,129
119,174
131,181
14,181
143,116
199,176
67,112
5,75
160,76
68,40
149,187
7,126
167,80
26,43
78,164
32,156
151,100
59,56
70,170
20,189
79,33
59,195
110,177
114,29
15,111
66,80
13,99
43,171
44,47
176,101
21,63
34,66
113,142
173,93
23,85
136,53
36,55
130,149
142,68
178,44
199,81
66,61
76,146
86,190
92,138
148,170
87,199
47,131
34,31
42,161
164,157
58,32
112,23
124,154
37,7
50,68
30,126
75,4
39,35
74,99
12,72
72,12
182,160
70,41
19,175
88,21
52,148
69,73
123,61
56,140
75,102
44,89
189,82
72,159
112,187
57,123
142,131
170,14
112,191
108,123
141,157
115,35
122,3
106,94
83,87
151,56
113,120
97,118
135,47
102,197
194,34
197,197
11,123
60,32
78,106
60,89
155,72
44,129
109,42
86,91
78,61
121,181
170,167
118,77
101,171
3,192
83,142
42,55
112,98
142,67
5,198
8,187
156,120
18,10
141,174
51,76
121,60
28,180
186,92
76,54
104,81
5,39
86,40
154,134
89,155
61,115
157,176
138,189
67,115
191,80
96,109
33,191
76,26
174,159
141,99
101,75
48,129
95,67
42,119
133,12
28,12
47,115
131,74
143,65
78,70
191,122
158,30
24,194
97,110
23,16
172,177
118,13
31,175
153,78
76,11
42,114
188,114
31,193
130,61
76,94
148,119
159,112
88,151
98,51
117,40
16,121
36,102
106,34
133,173
11,139
99,97
137,49
28,197
184,178
71,132
176,163
153,82
186,149
99,57
85,127
26,155
152,161
118,136
88,65
0,198
40,32
183,15
22,69
148,67
116,170
147,147
156,7
143,106
174,56
60,85
0,161
100,105
156,131
77,180
129,22
187,54
70,70
108,127
167,182
5,74
150,30
68,81
8,112
148,161
8,28
67,86
82,149
80,181
3,62
11,123
110,104
97,96
7,6
136,25
81,106
62,78
170,56
14,39
86,101
93,197
132,192
169,19
164,106
164,156
72,11
10,78
48,18
113,169
2,47
128,126
145,160
196,141
57,18
21,70
190,191
30,22
162,132
135,18
44,182
141,38
185,81
53,182
41,52
31,17
196,88
150,114
133,130
89,66
140,132
102,19
158,147
195,167
189,8
74,195
132,154
101,103
172,190
40,105
182,101
113,164
113,176
199,37
42,125
153,11
48,49
102,16
118,165
37,80
93,151
31,193
51,107
117,171
80,66
37,185
97,9
45,143
96,177
36,127
29,11
33,90
186,133
118,135
56,103
76,10
15,119
93,100
127,176
162,16
44,94
189,123
46,174
128,192
83,22
42,9
47,114
97,57
29,165
83,65
9,48
1,80
90,176
109,82
152,73
117,134
114,76
131,170
123,110
24,128
147,171
39,42
168,101
37,166
67,135
54,99
160,146
175,121
106,113
26,182
114,36
139,76
71,22
75,66
3,100
198,173
26,117
109,166
49,155
58,0
164,113
101,76
3,38
24,67
30,10
109,15
129,15
179,105
22,141
160,125
5,147
20,111
56,168
70,132
17,33
37,150
108,64
51,178
166,96
30,5
83,59
163,35
156,168
148,94
68,142
144,125
38,71
177,2
191,44
53,54
142,10
4,197
150,2
6,130
155,157
192,9
46,161
121,36
177,50
81,23
148,120
77,1
35,48
171,108
128,82
136,75
24,6
65,30
138,196
27,163
78,150
82,111
61,25
166,177
147,192
55,33
165,22
1,71
123,164
97,127
69,30
162,144
166,173
177,158
19,154
28,99
9,112
128,177
165,114
67,62
138,163
40,89
173,64
150,194
115,48
19,47
90,65
145,19
100,73
144,72
4,157
198,159
57,170
47,122
120,81
1,184
192,55
120,6
180,95
121,154
61,131
153,5
86,147
78,88
57,52
45,151
178,8
50,83
162,12
46,193
107,59
68,122
63,25
134,121
53,132
70,112
141,193
192,177
63,111
160,56
33,71
160,145
82,173
21,18
128,163
24,175
43,14
168,121
156,110
135,137
122,114
110,134
102,102
136,182
134,58
91,78
81,33
166,184
104,167
39,79
90,43
180,84
63,30
50,187
35,86
131,158
4,74
21,98
164,63
21,169
193,102
138,22
86,186
44,79
120,42
80,190
98,164
66,107
9,54
14,105
121,113
117,161
50,65
143,72
110,84
177,31
157,18
192,139
81,98
40,21
63,94
138,4
84,128
113,49
138,155
75,68
86,158
32,13
109,140
46,77
91,20
42,72
57,7
69,146
191,65
132,159
65,69
153,169
56,128
147,25
48,179
118,80
117,126
107,159
68,44
119,81
55,134
117,61
117,169
10,175
64,77
148,26
131,110
170,0
46,104
81,81
132,94
39,108
4,63
1,50
10,11
73,168
151,182
185,170
121,37
97,28
188,154
176,56
49,107
46,10
152,164
179,119
82,103
92,19
12,186
173,14
100,41
78,63
21,36
69,138
93,85
95,58
191,25
16,186
59,38
185,148
151,141
170,114
118,13
129,96
39,52
34,192
170,172
7,180
121,122
69,99
55,162
176,96
149,17
111,97
112,169
179,55
59,140
154,73
36,65
193,23
168,133
180,20
148,16
64,72
191,197
158,187
59,1
50,179
13,44
83,17
111,123
131,90
136,28
91,69
190,183
106,106
164,163
196,70
88,131
45,57
11,9
8,35
8,195
62,44
112,189
4,59
102,58
40,146
191,27
190,13
148,17
92,74
181,151
67,39
99,33
8,152
175,62
47,125
183,182
199,79
119,142
102,151
196,55
23,102
95,108
199,115
83,32
148,139
166,94
65,193
81,55
161,180
121,29
180,187
121,44
49,39
14,92
118,145
107,147
176,46
69,22
127,188
123,126
45,38
130,65
110,132
55,66
84,137
72,79
167,134
94,133
87,188
113,115
112,28
60,80
195,118
154,186
116,113
54,163
15,41
182,184
117,142
18,199
58,198
139,60
61,188
11,18
132,60
74,108
40,57
162,39
65,130
176,145
14,34
175,166
162,131
27,92
107,90
191,58
141,170
162,0
2,61
1,125
20,137
33,140
0,154
83,16
100,97
143,191
91,195
162,146
0,108
58,10
153,51
14,14
131,10
14,21
168,37
69,197
78,8
105,145
7,196
15,72
158,62
134,49
7,181
187,70
48,116
158,10
94,64
105,0
163,56
177,62
39,47
51,177
20,51
76,36
48,157
13,133
9,140
159,101
139,49
15,85
50,140
27,136
147,147
61,185
101,197
55,123
135,95
182,172
166,28
172,21
103,66
184,148
98,176
63,136
192,152
28,49
172,174
100,4
102,53
133,20
67,136
27,92
180,42
195,35
181,113
84,170
118,127
20,174
140,53
144,195
154,95
29,33
123,113
94,69
31,9
75,45
114,164
83,102
53,95
181,16
60,135
113,35
4,118
174,114
193,89
189,98
143,1
198,10
80,123
72,108
94,130
11,2
53,22
35,62
62,101
145,190
165,137
162,54
86,102
137,132
140,51
126,92
84,61
89,153
187,154
108,44
51,171
97,14
89,104
180,102
143,105
154,161
64,20
101,0
162,176
4,40
121,191
89,142
30,197
86,148
42,98
157,145
172,48
112,22
197,77
19,32
122,96
55,121
109,51
14,9
157,101
173,14
144,1
42,158
136,93
129,49
158,15
71,183
100,72
185,12
45,195
180,106
145,4
10,159
177,69
115,72
93,59
166,56
36,132
174,87
116,87
141,164
108,61
107,150
15,47
112,180
29,191
88,132
105,33
79,116
19,146
57,132
148,194
189,167
105,60
136,69
81,138
36,41
68,12
62,115
141,16
5,1
116,31
19,124
185,12
141,97
95,136
52,173
26,23
89,24
53,194
171,107
146,81
73,80
86,62
142,137
64,125
38,145
78,26
25,75
170,13
124,114
198,92
176,85
193,181
117,95
144,151
50,132
109,64
187,61
115,90
191,151
171,10
124,119
156,16
84,88
23,144
52,197
83,45
183,44
74,153
57,59
12,192
158,3
109,124
137,17
182,41
129,35
105,98
43,119
3,164
7,105
27,133
84,196
48,125
56,196
161,87
4,123
120,136
30,94
126,107
191,91
158,87
191,170
147,116
7,155
96,98
142,156
196,172
112,77
81,48
118,96
162,29
162,49
24,177
143,79
167,61
193,165
172,108
107,65
3,99
143,172
124,191
112,65
110,32
28,135
36,27
186,44
61,182
114,199
182,51
132,70
166,154
80,16
103,71
160,170
18,32
91,122
105,166
150,18
195,158
168,66
117,27
33,174
99,176
187,101
197,35
47,146
195,84
51,156
42,99
29,174
167,21
137,40
54,111
62,196
71,149
60,94
73,139
113,0
185,35
176,146
188,60
189,53
104,94
17,187
113,89
36,108
184,35
144,121
84,167
1,3
120,81
187,111
65,177
169,144
177,165
157,161
8,160
21,2
159,146
36,115
75,16
45,180
31,94
107,72
2,147
147,168
111,108
124,118
61,3
139,198
26,188
69,195
189,107
5,116
117,155
154,77
29,199
44,158
130,160
144,38
103,87
84,12
4,110
88,13
30,155
159,160
151,82
154,105
118,70
29,197
48,94
71,23
12,146
168,21
69,66
105,162
194,130
28,126
173,86
23,133
171,184
129,75
120,53
5,9
50,4
99,38
65,56
126,63
127,99
119,115
56,189
24,131
72,60
102,17
17,145
171,98
74,69
106,70
38,77
19,45
79,130
81,13
6,33
72,8
1,15
186,111
135,192
113,127
157,148
155,29
106,156
43,89
120,163
88,45
22,154
95,3
167,33
6,25
91,99
136,105
117,51
179,120
10,67
58,49
98,111
160,151
12,72
154,130
96,109
186,101
61,150
126,187
31,60
109,16
181,28
5,110
176,107
25,50
13,114
79,122
42,56
0,150
3,193
92,74
29,102
112,166
94,97
43,191
171,5
70,111
102,9
169,22
70,76
106,94
13,178
52,8
140,154
13,140
128,112
40,38
13,102
145,48
62,9
173,35
116,72
142,152
47,95
142,76
69,0
121,2
54,119
49,169
52,135
175,155
8,99
68,115
70,139
147,108
53,125
101,186
150,166
148,140
84,15
69,174
141,110
13,170
51,16
101,9
112,149
180,152
167,4
159,181
14,2
1,15
59,141
2,160
64,62
25,107
176,15
78,53
72,111
52,133
197,169
118,130
41,189
92,20
164,96
29,77
195,154
22,6
86,76
8,166
115,1
46,61
196,97
91,58
164,164
123,80
50,92
22,171
133,128
111,50
80,141
135,87
25,182
171,117
84,34
0,137
6,95
160,4
97,120
154,49
189,144
124,110
183,76
166,70
17,68
157,169
64,190
188,24
74,188
158,107
16,163
90,195
145,27
164,39
188,26
177,111
133,128
106,163
127,147
119,139
179,123
173,24
32,34
15,31
101,113
24,46
61,26
108,14
60,61
35,163
62,1
148,90
191,130
15,45
52,160
36,98
84,147
95,60
42,148
17,29
38,124
84,84
157,88
149,25
145,95
28,38
166,12
117,37
95,52
36,42
14,39
138,1
39,92
145,111
97,44
93,46
34,2
76,5
28,92
131,111
66,165
127,189
65,199
4,120
53,17
177,72
183,104
48,16
47,35
83,167
26,103
103,71
158,107
154,169
81,130
55,163
109,151
77,188
197,50
151,45
179,70
11,165
182,143
133,15
89,141
146,163
158,48
160,117
77,165
110,173
132,147
63,107
149,116
124,72
72,32
33,183
106,14
60,199
36,18
122,26
49,14
173,121
172,68
74,166
51,4
151,161
197,59
180,44
174,139
27,86
0,3
116,139
107,135
191,41
66,2
175,17
98,156
90,37
141,1
79,82
26,92
195,70
192,145
104,77
96,113
101,159
64,114
31,32
122,28
177,131
36,76
91,162
55,91
63,53
173,101
10,187
22,100
132,116
91,52
55,161
169,120
77,122
127,179
89,185
59,42
176,91
136,93
123,43
114,72
30,35
177,169
57,133
116,103
2,20
134,176
148,16
57,81
59,138
82,97
64,39
123,122
69,127
71,136
184,2
108,21
46,109
120,151
179,119
29,163
5,0
107,37
4,70
105,178
6,172
115,173
155,144
125,128
70,126
89,183
165,185
28,35
65,139
16,2
141,52
16,115
154,129
155,1
32,18
148,182
47,106
8,115
24,94
103,75
15,34
90,81
1,28
101,39
126,140
113,70
42,45
14,68
0,4
155,45
80,5
138,124
30,103
27,13
87,31
163,59
55,84
176,69
78,55
54,187
166,25
172,33
152,1
0,9
40,88
74,61
74,8
6,9
80,81
139,28
75,68
191,163
126,41
139,41
196,185
173,105
50,138
34,139
174,111
152,74
52,50
59,165
156,14
191,116
102,179
131,82
147,108
172,119
98,154
147,198
117,62
115,183
177,145
38,62
115,190
131,26
99,186
120,160
44,58
87,8
95,186
50,174
95,116
26,143
96,89
21,139
194,148
84,189
148,19
65,41
86,96
106,61
102,140
170,51
23,105
65,52
80,156
36,148
69,152
4,176
145,183
180,42
161,104
182,151
105,136
69,49
13,182
199,185
135,133
135,193
98,173
25,47
103,83
143,180
66,30
31,7
63,156
15,193
152,34
52,113
111,153
108,5
5,146
30,0
194,68
113,115
87,63
146,87
167,118
111,63
59,110
119,178
162,183
25,56
123,163
33,18
75,115
80,114
80,132
13,131
42,19
108,154
89,170
144,184
3,84
78,177
148,124
76,156
130,51
110,189
158,108
163,101
181,37
36,56
110,137
27,163
132,9
118,83
198,70
144,2
110,173
21,183
108,83
10,156
119,47
27,90
13,68
174,118
22,157
186,78
30,168
167,58
20,70
95,134
154,103
122,175
16,148
54,17
19,172
91,107
128,22
17,158
4,154
130,68
138,20
106,160
178,41
125,150
31,90
18,86
59,115
187,169
82,188
163,16
126,104
188,113
117,41
96,100
170,7
194,27
8,96
52,52
120,155
119,50
70,44
29,178
6,107
123,44
48,77
178,102
198,19
117,75
168,2
148,4
6,142
130,166
71,185
196,2
35,148
169,36
19,108
143,140
3,126
122,79
3,85
155,132
4,146
38,138
197,92
42,161
120,68
78,12
111,104
16,164
188,159
115,98
70,13
100,43
36,41
75,133
60,109
3,170
192,44
90,169
127,186
8,33
149,165
97,38
130,158
135,87
116,34
2,37
73,20
106,162
154,28
133,111
14,190
151,52
54,31
152,72
41,106
58,51
53,126
102,191
81,189
175,28
117,178
96,194
145,105
0,139
3,67
17,143
7,76
189,44
75,66
177,143
103,42
6,43
47,97
157,174
36,105
31,189
56,13
37,14
168,29
162,128
198,9
24,166
23,147
108,76
187,42
190,10
199,84
0,192
82,11
63,64
139,63
173,103
10,195
19,193
10,17
113,38
30,180
96,176
136,116
61,167
84,97
124,189
7,77
121,166
46,12
172,109
111,150
31,122
122,165
117,118
46,59
123,27
113,198
159,65
198,57
26,29
86,92
172,41
113,94
11,97
188,15
124,185
34,70
198,147
105,66
17,130
107,41
17,57
82,114
143,10
190,3
188,4
113,153
189,137
71,39
158,123
99,192
104,21
188,137
88,172
136,20
21,122
31,109
131,12
62,163
33,180
153,26
177,139
6,86
144,51
45,12
122,190
120,16
107,104
53,2
141,13
118,57
173,150
137,189
114,160
191,171
32,108
141,53
171,59
97,173
196,11
64,114
195,15
53,69
24,88
127,136
66,56
140,135
163,27
154,92
0,57
107,57
85,50
164,125
14,144
2,141
155,178
128,107
16,40
125,119
67,120
104,47
157,87
161,11
96,145
51,33
144,85
75,108
172,41
34,15
142,119
102,16
104,162
163,197
27,156
152,127
147,138
119,195
2,21
22,56
39,91
67,111
85,86
88,51
199,120
94,22
38,193
76,148
156,193
116,79
197,98
83,193
15,62
122,182
110,161
33,154
73,46
71,18
27,14
26,174
110,20
158,88
4,193
94,94
68,78
109,5
45,161
17,94
61,73
197,68
17,23
28,98
132,65
40,32
67,121
22,179
44,17
101,192
92,93
180,179
182,93
61,1
187,47
150,15
182,150
101,154
184,97
85,199
65,102
99,189
191,122
197,145
148,79
28,110
191,163
149,129
118,165
150,177
176,63
10,193
188,6
51,36
13,29
160,172
197,149
54,61
89,198
142,181
47,48
111,12
168,37
189,45
195,133
189,176
98,106
46,185
41,153
62,42
128,110
157,46
12,52
3,114
94,65
67,63
80,68
133,38
83,96
56,140
22,38
16,190
44,167
83,6
174,23
77,87
121,61
116,163
110,157
151,113
37,16
33,4
164,34
98,7
115,128
164,27
61,169
81,81
113,24
20,134
180,93
13,107
122,11
61,80
38,135
137,87
114,71
11,121
7,166
116,141
77,24
154,87
198,40
48,122
191,181
26,154
143,57
163,109
14,168
159,145
75,3
108,25
45,144
39,141
47,174
90,128
170,99
178,32
140,22
129,58
153,2
91,141
69,173
86,180
15,158
162,79
54,0
117,198
50,85
7,7
112,141
85,13
39,116
90,38
56,107
161,198
42,50
111,196
52,189
31,199
32,139
62,117
48,20
6,173
31,44
41,110
33,130
5,118
16,0
161,117
13,183
179,47
63,91
148,44
168,36
53,177
61,183
77,10
126,37
75,175
55,38
109,115
89,196
124,103
174,156
39,56
62,22
30,40
186,55
160,84
98,54
76,37
173,23
121,89
73,113
71,51
152,120
64,155
155,29
186,2
7,164
85,193
110,102
150,89
111,141
190,29
45,14
74,81
156,78
133,45
39,11
145,62
192,156
193,28
135,61
106,10
188,188
18,19
156,95
64,88
9,82
167,171
196,163
108,121
163,126
69,147
120,191
192,124
38,148
3,73
45,46
140,199
151,166
182,65
79,115
35,38
79,48
80,94
88,103
34,128
72,96
77,120
5,67
175,177
115,83
51,135
42,65
88,157
91,184
0,113
144,23
10,105
143,87
105,151
0,85
37,122
127,166
78,44
181,52
189,43
73,14
135,171
3,3
27,151
57,124
69,97
48,165
150,138
81,144
146,154
20,151
11,47
35,194
1,110
98,167
4,3
17,107
145,19
87,14
33,111
29,150
7,50
7,114
140,7
36,125
78,57
48,151
70,67
71,105
164,51
142,158
51,1
166,52
32,90
18,92
12,154
78,154
164,1
101,99
26,99
21,133
28,145
95,116
37,8
181,52
62,77
189,90
190,129
158,147
93,40
3,107
13,190
34,59
80,92
68,72
146,189
106,75
87,52
98,129
147,174
4,173
165,67
9,146
138,188
23,125
190,88
159,102
30,3
199,179
131,114
11,73
96,155
188,79
192,76
107,149
3,64
70,71
12,22
51,44
120,138
164,191
65,80
14,64
11,46
119,175
192,173
182,192
78,134
74,134
94,140
54,1
188,189
152,132
124,181
183,164
27,97
102,184
175,52
103,168
198,157
193,127
133,151
159,163
83,3
136,80
71,76
98,68
165,78
122,28
198,148
60,151
44,127
86,85
188,33
51,80
49,179
132,199
17,124
1,141
31,36
72,58
9,174
100,146
54,161
165,166
16,6
141,112
167,97
128,94
67,178
86,167
12,196
50,125
64,7
33,31
146,100
163,58
47,87
71,76
38,23
91,1
98,62
41,103
9,182
83,64
82,48
107,196
66,180
108,190
118,196
82,187
64,71
66,80
117,87
31,152
76,5
59,133
38,132
166,100
149,110
111,194
116,59
43,167
177,116
147,64
44,171
192,19
55,71
191,37
37,119
20,163
23,19
5,140
117,95
57,36
88,183
43,55
23,153
120,194
81,82
30,165
144,12
99,2
198,92
39,148
138,183
131,135
164,12
129,43
52,153
26,184
114,18
174,117
150,8
166,134
90,8
136,47
39,138
81,82
174,39
10,74
158,9
192,157
169,169
22,143
53,163
86,15
55,117
101,79
154,94
20,123
37,21
63,163
166,59
29,1
142,50
115,178
53,193
149,123
108,51
75,29
131,177
0,193
172,167
18,23
120,129
19,51
49,95
71,125
177,107
135,197
98,187
46,161
91,165
67,145
197,17
120,100
42,101
7,22
133,135
81,80
69,25
96,72
122,7
111,124
180,75
178,96
139,198
184,76
170,20
20,100
79,12
132,105
183,56
131,52
59,116
165,61
86,35
111,11
62,96
137,69
129,109
66,67
185,107
107,116
29,75
91,125
149,63
59,189
74,22
4,20
145,149
30,24
196,108
41,86
104,51
137,159
3,87
43,71
90,106
97,173
58,84
94,166
186,101
1,81
58,137
109,5
159,4
118,114
115,7
117,141
56,1
147,30
114,47
85,196
40,48
198,72
115,82
52,8
97,69
167,33
163,58
190,108
21,199
120,156
28,25
108,88
191,93
118,152
59,26
124,139
116,54
187,108
159,19
160,45
22,160
95,4
0,103
61,114
195,4
41,69
105,173
54,112
13,187
180,127
38,144
109,52
91,37
173,54
101,51
133,63
151,36
45,43
81,58
98,183
143,5
109,17
72,65
178,164
133,173
16,107
168,125
67,70
173,82
14,195
68,157
193,78
86,105
114,2
199,180
127,71
160,23
29,61
9,92
29,156
139,187
171,192
25,107
74,8
147,175
123,78
151,103
126,76
179,51
50,22
22,191
54,73
138,25
195,78
187,130
4,172
13,193
175,135
149,27
130,81
13,131
135,59
48,55
135,38
8,151
143,161
186,121
73,168
15,2
191,26
152,73
9,108
57,92
109,127
193,178
134,26
128,5
99,0
39,28
167,4
135,103
79,12
85,170
69,109
35,6
161,91
145,107
106,85
133,30
184,186
35,50
169,29
110,76
94,116
55,136
29,97
184,147
12,170
10,91
97,106
116,17
102,16
161,196
52,4
199,8
172,7
126,159
5,117
196,190
148,144
112,123
56,72
185,95
7,176
146,172
10,115
31,63
190,167
53,176
114,50
178,148
156,72
24,117
4,14
116,190
127,127
135,60
143,176
151,106
133,43
174,8
106,143
162,46
76,68
78,169
49,182
15,179
63,32
67,187
107,155
52,192
105,105
68,4
107,194
64,189
17,48
40,172
172,121
7,98
153,150
34,107
182,28
83,97
75,112
168,69
96,169
17,161
42,124
167,17
40,80
72,151
96,128
36,53
96,198
45,101
177,148
7,8
104,126
180,54
49,17
4,107
9,127
118,191
90,7
182,187
24,73
42,89
27,62
29,0
135,150
127,177
97,113
131,68
93,104
82,94
103,129
16,47
6,139
21,176
148,189
106,63
44,171
136,41
1,34
73,18
69,39
99,53
194,196
115,11
183,124
32,34
12,89
33,14
64,133
118,69
196,157
30,189
63,196
48,55
132,31
32,56
79,18
74,154
131,52
82,146
58,150
5,123
43,2
107,181
48,68
121,149
162,180
121,128
25,137
111,101
178,168
43,76
148,153
68,115
60,26
137,179
116,51
69,145
178,193
126,83
197,147
141,86
192,194
177,151
11,22
60,97
94,44
130,35
68,120
77,155
124,149
148,116
196,79
89,142
189,196
1,0
185,68
64,23
144,99
183,15
9,91
49,47
70,82
152,146
198,41
104,55
102,97
101,103
125,39
190,5
45,156
20,68
95,0
102,80
164,123
135,91
12,146
30,6
58,117
13,86
44,145
49,117
32,139
96,142
127,52
139,173
163,114
110,36
89,12
37,53
197,159
17,140
68,32
84,84
139,53
57,170
146,152
101,152
82,107
113,13
148,119
0,133
120,36
66,15
56,10
32,20
49,159
146,169
70,7
5,107
110,167
160,34
118,53
123,60
117,15
55,10
145,142
188,151
2,70
74,33
25,101
153,72
33,105
6,25
12,127
16,120
124,133
61,22
18,172
147,27
133,34
27,185
21,119
37,117
173,73
65,57
86,67
79,79
97,104
60,128
3,44
141,92
15,84
165,64
188,76
189,73
128,158
172,163
128,160
164,7
177,198
66,74
61,151
117,81
121,179
138,125
122,96
12,33
15,173
177,179
153,6
7,13
162,18
171,56
137,95
185,131
142,42
78,39
84,125
75,97
148,187
112,10
169,138
168,87
81,149
16,16
106,173
38,176
27,78
37,197
76,24
105,177
71,77
60,52
160,63
167,189
182,148
85,91
98,89
146,181
120,52
137,191
135,23
21,170
188,22
29,3
186,24
174,117
67,106
96,154
158,164
116,132
197,40
167,52
128,5
27,188
89,119
169,163
123,40
175,59
149,9
128,142
133,33
83,194
43,29
49,55
98,58
103,99
5,192
195,33
181,3
56,148
10,53
144,189
18,79
87,49
60,70
58,193
5,93
124,190
169,151
107,112
104,188
170,78
195,167
57,125
36,13
109,156
171,184
103,183
57,187
113,98
10,80
106,39
20,166
178,63
70,50
28,69
71,142
117,118
103,4
31,101
122,7
182,119
188,124
26,20
38,159
90,123
172,198
49,44
15,128
37,197
51,157
195,126
111,34
24,82
137,24
56,25
73,142
1,144
121,196
74,4
14,100
126,32
129,94
117,33
95,34
122,100
157,71
140,165
139,129
192,193
0,67
31,141
178,108
84,198
20,80
104,112
101,42
74,143
125,11
135,30
13,38
199,121
93,80
43,132
98,151
141,75
157,55
121,103
138,21
179,146
99,87
194,38
43,26
80,146
36,58
107,150
42,88
10,156
14,81
16,6
161,130
117,146
24,166
183,65
171,6
130,140
2,41
62,4
191,49
179,20
188,129
97,90
173,98
93,83
59,73
18,183
8,82
111,154
139,6
176,199
158,3
96,49
175,147
67,118
198,14
73,67
8,142
36,19
105,197
126,94
175,133
96,83
187,39
118,199
148,180
64,151
46,175
28,96
66,8
101,44
103,24
171,146
0,92
128,141
195,95
89,90
179,10
167,84
115,192
196,199
90,61
155,39
190,1
111,56
32,179
84,66
62,179
117,168
184,162
112,95
196,104
180,2
93,100
12,109
144,120
117,144
104,49
78,2
123,121
151,199
99,62
161,53
155,176
134,68
121,87
168,184
116,128
38,129
65,164
118,38
172,191
50,45
179,44
119,53
88,118
88,159
129,124
151,100
92,101
193,192
148,198
158,143
9,70
71,26
117,129
145,179
143,53
140,125
111,66
42,70
134,15
47,168
32,15
134,125
98,143
125,9
0,93
49,120
29,13
25,96
176,117
120,32
45,31
72,173
128,74
66,103
67,82
154,118
146,145
181,101
112,145
193,93
34,74
25,98
66,180
1,68
192,152
167,30
32,78
12,114
164,111
46,133
154,16
124,102
180,30
95,155
181,116
62,163
106,115
106,10
161,35
72,9
179,22
183,2
82,12
166,159
165,145
8,112
101,159
95,167
199,135
113,137
122,158
122,121
152,86
59,156
25,46
105,172
6,78
89,56
158,76
198,47
82,173
21,79
98,141
1,58
197,47
62,43
145,58
122,131
143,75
180,76
60,101
62,101
27,88
158,102
92,97
116,46
98,30
127,115
82,65
30,99
127,120
62,96
146,92
174,165
199,85
102,130
135,91
20,28
98,188
193,37
106,34
168,92
37,64
87,2
17,3
91,175
30,170
133,172
187,148
112,181
173,11
105,103
97,120
27,122
134,13
178,24
175,111
183,145
110,148
160,129
161,129
37,170
169,23
117,137
52,16
30,19
103,177
77,193
165,40
146,65
105,14
50,156
12,50
105,108
88,134
1,65
98,81
24,106
183,99
101,24
104,48
37,95
28,123
159,118
159,102
185,31
181,189
72,74
85,132
67,194
167,105
35,197
166,162
6,91
75,193
157,93
5,64
147,174
162,19
101,150
104,20
25,166
84,109
188,194
154,6
132,10
123,181
199,38
165,187
21,108
185,168
111,69
16,144
21,87
136,93
190,97
46,122
180,140
139,7
138,38
112,98
32,16
102,43
76,8
133,112
171,38
150,52
101,36
111,164
68,127
182,15
144,54
111,74
119,49
116,132
60,68
179,118
59,94
52,139
154,17
123,149
45,47
155,78
131,42
58,26
100,81
44,49
35,190
137,137
166,25
77,26
67,110
182,119
28,155
50,158
186,167
21,37
59,119
188,72
97,60
148,93
76,69
105,156
152,135
34,147
98,15
23,101
48,1
32,143
23,22
160,72
111,58
55,4
19,42
85,161
80,185
48,20
2,17
196,141
136,37
71,27
143,40
41,192
146,178
128,84
122,191
133,188
197,145
21,38
118,188
120,63
129,92
165,50
136,115
146,166
99,93
57,163
54,48
56,194
143,33
73,95
34,85
92,50
137,39
99,146
124,56
117,45
144,20
83,23
41,147
146,137
190,126
122,65
6,59
103,64
113,117
27,131
175,114
184,106
51,147
14,145
73,30
174,19
24,36
38,180
131,172
56,13
127,191
152,156
166,27
50,142
166,106
29,82
9,84
167,119
52,161
125,27
126,33
91,10
99,122
28,46
109,83
186,11
43,193
90,152
38,110
151,30
133,39
26,174
50,141
54,56
51,48
75,14
191,153
65,140
164,78
102,18
150,33
55,45
130,81
6,33
75,51
180,104
156,175
51,38
37,171
162,62
180,186
68,108
89,101
194,198
157,116
30,60
60,128
163,4
45,141
196,39
51,101
51,40
9,119
141,97
188,119
90,25
35,177
66,193
128,160
103,110
173,139
20,52
91,41
56,179
15,20
32,181
139,18
190,6
108,130
97,131
140,156
49,77
125,39
97,179
179,136
147,90
4,25
111,119
61,54
120,49
195,21
58,181
141,150
146,143
143,109
80,58
161,18
110,142
1,45
27,96
109,94
8,95
74,157
119,67
72,63
16,89
133,86
50,189
119,139
136,129
1,163
24,87
20,191
56,71
108,158
9,13
91,48
32,159
71,25
102,48
186,22
197,186
108,197
20,179
184,77
100,31
88,19
108,50
139,163
22,42
146,114
77,146
135,2
199,45
87,171
101,35
0,66
87,64
99,170
37,55
85,125
52,191
31,8
199,186
170,120
131,161
110,16
61,97
33,99
9,122
51,144
47,42
45,36
105,166
91,157
198,23
194,137
139,27
198,147
76,97
63,120
76,68
94,166
124,185
62,63
43,159
4,120
97,118
2,180
163,68
122,114
120,30
180,131
171,23
61,25
120,97
22,127
66,32
161,144
161,74
35,159
99,68
21,62
17,17
43,183
196,47
113,95
184,53
114,88
40,41
82,130
121,187
65,130
97,53
49,161
198,172
137,15
72,186
192,116
122,189
91,132
18,25
64,55
190,125
49,150
131,196
24,81
33,79
23,160
103,102
117,62
130,7
121,136
173,104
98,67
96,9
123,110
123,90
93,99
6,20
63,116
104,6
163,189
198,110
154,63
78,169
152,43
131,65
109,143
164,20
136,60
20,169
111,97
10,57
170,150
1,119
5,84
141,118
191,24
181,17
145,5
148,111
4,60
61,19
57,65
171,61
116,189
177,2
95,43
186,103
21,102
107,149
147,68
85,156
191,129
129,1
113,197
91,191
71,134
90,148
49,112
173,171
50,40
24,25
185,96
42,52
185,82
75,37
139,105
119,126
50,58
89,129
54,47
17,160
113,5
192,77
184,146
30,0
148,88
63,83
118,27
192,130
161,72
108,118
90,117
181,131
167,138
191,36
115,144
106,119
150,5
110,40
182,97
80,24
133,160
172,66
68,183
20,120
168,173
19,56
130,39
171,47
37,198
77,7
182,23
83,118
75,41
5,189
114,15
37,97
101,151
115,110
190,130
58,33
24,131
80,52
177,171
123,131
91,163
23,168
184,177
109,3
44,66
122,93
139,186
158,136
42,71
90,7
28,103
132,60
199,118
21,96
177,153
197,52
3,38
189,169
198,95
198,139
109,130
65,190
89,76
83,26
119,76
75,42
182,96
81,160
140,95
94,138
103,154
6,149
135,107
5,147
40,161
152,172
49,2
189,33
12,181
176,60
79,132
174,12
154,28
137,138
137,125
61,3
40,21
47,3
114,137
21,178
97,150
135,5
50,116
85,126
140,137
29,0
119,119
192,136
77,4
9,104
158,196
45,136
2,172
8,39
7,26
112,114
72,90
53,57
94,49
65,46
42,103
136,149
52,23
72,126
76,172
111,88
161,68
167,106
61,110
7,156
49,124
139,100
18,52
47,38
34,189
12,94
99,151
144,117
85,170
144,40
144,4
161,133
187,173
195,134
39,149
182,64
159,81
66,168
51,130
194,86
177,79
148,49
141,173
84,140
128,14
143,26
188,77
47,30
141,197
108,112
38,164
126,79
51,118
139,37
122,11
45,182
19,33
53,95
57,32
109,172
163,95
180,80
81,15
143,183
169,160
111,128
123,35
131,182
70,156
16,97
166,45
59,169
195,137
180,71
115,72
93,153
148,115
97,84
9,27
63,95
138,4
89,101
181,39
51,122
98,189
148,111
63,5
83,143
65,154
16,20
78,77
75,111
39,63
173,188
173,91
174,6
187,136
171,64
151,64
189,132
184,146
99,41
199,67
134,178
155,130
96,171
39,198
47,147
109,34
177,131
135,24
131,96
147,71
171,142
92,187
171,185
105,197
85,44
170,69
100,112
25,64
26,67
147,78
149,5
187,167
78,191
12,78
33,192
69,152
160,143
38,30
31,88
174,89
5,26
142,184
126,1
34,92
195,100
165,84
93,85
101,161
73,154
48,188
47,81
175,184
7,199
107,131
61,172
30,106
88,181
37,13
10,92
127,38
183,96
81,112
127,31
69,67
115,108
7,72
3,192
3,103
93,178
168,150
6,133
9,119
175,102
159,54
60,93
198,99
168,57
83,129
159,104
120,154
76,51
84,161
169,25
63,89
60,148
130,168
142,53
16,3
94,92
194,93
76,187
120,43
25,161
192,83
119,95
69,95
79,155
131,119
38,173
157,149
81,40
22,60
176,101
53,71
167,30
4,115
0,46
78,118
96,101
81,19
45,114
22,47
148,12
71,142
56,98
64,195
49,104
187,156
185,82
128,108
105,187
56,105
9,57
36,193
86,159
53,66
86,113
42,37
75,134
160,28
81,95
69,121
75,59
196,167
8,44
61,28
137,8
105,76
92,167
149,4
195,91
105,192
197,43
26,84
95,186
121,157
99,42
158,89
70,60
37,97
50,84
108,155
50,17
48,124
135,104
43,164
101,177
94,179
160,141
160,181
135,158
134,27
133,77
124,29
159,108
193,18
168,70
110,146
197,130
192,93
51,166
14,161
65,145
39,14
139,187
113,68
30,29
88,43
28,143
16,88
155,31
50,45
129,194
16,40
106,140
180,78
130,157
123,104
188,144
107,83
199,162
132,130
102,166
64,12
57,182
29,188
125,109
48,45
152,168
188,112
164,76
8,85
31,57
165,142
46,42
138,69
173,109
105,89
108,114
169,132
169,82
18,45
15,135
3,133
138,195
102,137
98,34
21,93
94,85
160,4
74,127
139,87
167,136
67,178
154,19
35,114
35,119
35,43
108,76
63,128
154,102
100,131
118,11
155,49
9,178
64,34
112,164
38,143
47,110
76,24
79,152
38,39
192,188
177,152
196,186
147,22
22,40
188,199
192,195
129,15
19,62
24,108
21,70
178,168
101,32
107,28
110,8
59,103
39,114
175,118
197,121
100,114
0,181
4,169
165,100
102,60
90,176
67,98
143,160
159,23
156,26
97,136
28,197
25,107
188,124
154,46
10,169
100,85
18,36
41,109
103,37
7,43
110,41
171,134
151,43
68,96
57,49
194,117
17,5
55,189
140,55
133,121
170,104
89,138
144,93
144,151
19,142
197,104
88,105
166,78
9,147
66,175
41,56
38,170
125,184
51,122
85,28
68,43
182,12
9,154
125,5
119,113
176,121
144,169
45,115
31,110
122,25
4,140
75,172
134,97
164,87
81,53
28,17
106,166
76,123
45,115
42,45
115,27
95,21
120,193
126,115
23,105
154,166
58,172
25,41
114,158
66,64
196,152
96,9
3,38
93,172
95,132
142,77
74,133
130,153
5,65
190,58
55,80
60,80
194,26
130,79
178,195
95,65
0,82
50,127
135,105
54,74
195,171
96,26
39,154
150,93
107,9
124,80
32,5
74,164
11,89
64,118
149,185
0,158
67,45
17,14
164,91
49,21
11,41
136,3
99,4
123,57
198,162
187,107
122,113
86,115
28,155
124,187
125,140
148,75
66,143
140,103
171,120
35,55
168,68
101,152
119,50
33,154
142,8
59,104
122,117
198,181
163,139
67,49
31,58
26,9
40,157
117,34
92,5
153,130
165,119
138,101
57,71
20,10
41,13
126,135
154,168
66,46
0,128
10,100
132,27
111,158
13,4
122,166
21,15
176,158
15,71
177,151
89,3
145,125
114,133
20,3
105,137
93,96
87,175
67,104
17,55
153,20
37,167
63,110
136,14
74,114
170,78
140,27
118,180
187,190
131,177
89,107
187,58
47,185
62,65
55,103
65,170
134,141
89,159
197,112
100,55
12,100
171,35
15,168
135,176
186,99
180,159
87,30
32,60
159,162
116,83
30,64
164,41
45,69
89,18
128,48
141,135
139,170
69,41
70,99
171,189
164,137
146,164
93,91
143,84
120,29
148,54
127,144
31,129
21,89
2,122
145,121
176,21
38,103
118,72
19,38
128,132
7,11
125,58
135,90
146,83
79,8
138,7
12,189
98,127
41,93
19,160
34,177
6,94
88,137
94,164
167,91
33,87
178,113
158,140
156,14
114,56
148,128
173,18
102,44
132,11
56,76
47,170
101,134
76,181
118,151
21,121
72,160
68,150
132,165
49,101
48,185
46,48
60,81
16,33
149,115
148,146
186,85
190,10
141,127
77,151
54,182
139,158
23,36
126,19
138,132
88,177
126,179
128,155
153,36
88,16
194,122
5,30
0,76
80,104
162,143
35,149
118,170
10,65
174,72
193,144
93,47
132,120
164,179
62,29
79,2
182,62
51,159
174,102
157,182
20,9
176,139
3,64
7,101
12,169
26,177
140,181
154,80
190,184
130,48
146,140
36,58
179,33
161,186
46,98
143,13
171,117
106,6
137,112
163,54
86,39
50,73
100,131
126,26
198,19
59,27
159,130
124,27
74,191
155,19
109,111
184,125
152,19
69,62
22,101
89,112
196,40
45,53
196,56
100,160
65,194
17,117
93,81
100,55
33,139
124,87
163,60
177,45
74,178
26,135
113,117
0,84
110,174
81,172
118,168
179,190
103,158
122,136
143,134
182,28
136,64
153,155
40,45
44,119
86,190
117,142
84,154
151,172
56,114
111,58
197,138
93,96
179,88
117,129
190,155
151,36
113,156
197,62
138,55
89,15
26,101
48,2
163,104
190,16
68,94
168,75
171,58
6,178
85,9
191,186
52,157
158,19
62,89
185,109
115,143
86,141
2,187
173,83
184,179
53,100
191,126
194,89
86,17
199,26
64,116
97,126
7,112
80,137
127,26
108,89
69,3
88,193
21,175
193,4
142,198
16,4
27,64
65,128
182,141
11,61
114,105
9,51
166,125
29,54
197,54
31,181
180,183
102,138
187,151
87,77
45,117
118,41
83,41
173,133
195,146
102,149
172,99
105,179
174,9
114,197
148,166
135,109
153,169
89,127
7,8
81,13
116,41
195,45
112,184
165,37
9,145
153,36
175,33
87,106
66,33
166,75
114,18
127,72
197,80
37,193
90,77
84,55
127,15
154,15
33,181
50,113
148,22
94,86
67,5
47,126
57,27
150,173
132,3
37,64
55,23
64,91
32,135
194,68
77,159
82,111
40,89
1,169
150,22
41,30
57,119
82,68
168,42
29,189
71,145
43,147
115,108
97,78
79,165
67,142
9,105
166,150
52,77
151,158
143,47
55,106
33,60
44,33
23,140
8,147
68,100
183,158
48,113
116,81
81,178
38,61
178,43
30,172
150,41
13,76
31,5
111,126
33,110
34,90
80,158
199,134
187,148
147,187
26,140
95,22
41,32
38,40
66,23
3,170
130,192
41,50
154,91
92,150
43,45
106,187
120,120
12,157
96,73
190,135
190,172
5,163
34,61
125,186
121,79
4,87
123,78
13,38
45,50
42,0
51,33
54,7
81,33
34,159
106,74
80,62
104,119
77,128
78,8
193,121
114,115
58,47
66,47
67,167
6,150
45,141
88,146
196,70
41,15
160,104
28,5
42,56
54,27
40,60
48,107
140,108
115,122
95,0
173,43
158,84
191,58
142,187
188,46
157,122
181,133
49,84
21,172
12,56
84,187
156,53
55,19
96,150
77,3
106,20
74,141
107,13
138,56
192,152
172,39
91,146
162,83
47,64
68,27
15,128
63,166
70,156
108,152
123,172
39,195
154,131
168,84
102,48
180,30
186,106
141,20
94,56
165,160
77,137
30,22
142,159
122,129
75,58
22,136
75,49
90,182
100,30
192,42
31,168
128,156
78,181
80,82
156,138
122,98
116,46
68,104
42,198
165,191
27,113
144,122
18,199
111,127
92,184
88,110
12,2
101,198
163,124
199,51
81,6
54,178
121,174
81,193
97,137
81,39
103,168
83,42
17,132
168,7
139,160
53,173
169,139
136,13
39,2
79,168
108,73
68,15
119,61
46,167
87,4
107,143
43,72
172,12
100,116
116,99
83,125
72,12
112,45
77,104
167,20
16,25
6,46
35,141
168,125
155,61
165,104
15,149
64,87
139,11
191,190
6,132
197,49
134,49
62,174
171,76
23,86
192,123
6,154
137,90
182,131
87,103
154,0
95,140
59,184
104,122
192,105
31,56
71,118
39,125
178,104
122,92
195,145
55,117
181,122
26,108
111,54
165,74
27,123
50,74
92,92
131,121
89,39
157,154
12,151
140,93
23,94
103,29
55,15
174,197
129,148
63,181
52,47
34,70
37,167
25,8
95,90
166,144
120,132
72,93
195,86
197,140
188,23
143,126
51,190
79,168
195,183
148,109
133,159
134,151
172,171
123,86
190,100
178,20
163,130
169,40
191,20
120,24
45,11
109,35
53,61
31,5
87,36
25,196
162,98
103,158
43,48
175,199
197,12
191,80
172,73
110,178
44,61
15,67
91,98
153,58
171,82
96,36
193,95
106,135
130,67
66,80
131,100
143,50
98,197
134,169
153,198
125,46
150,37
169,59
6,76
116,38
116,41
66,95
145,35
177,133
30,158
189,43
39,66
35,70
113,58
130,45
77,115
19,194
38,64
166,41
111,70
146,178
170,131
32,3
192,67
66,30
49,82
110,141
112,184
7,5
111,151
64,145
95,89
16,68
139,5
11,138
145,122
79,176
120,176
161,74
104,38
53,156
184,140
169,100
158,194
40,24
18,181
79,63
30,102
194,153
198,20
162,14
171,120
104,115
88,135
56,140
35,47
64,126
194,91
146,110
94,182
23,31
168,100
75,58
98,198
72,101
133,78
152,3
119,73
8,89
98,85
10,142
152,133
160,161
80,67
180,169
171,87
122,94
110,12
99,168
23,152
147,107
102,79
157,193
47,162
103,147
116,54
102,175
184,174
132,5
71,80
31,59
185,29
177,195
52,3
38,107
163,153
8,160
186,101
87,54
56,112
56,87
64,161
135,155
105,19
7,26
70,17
133,41
0,95
21,18
77,74
160,83
117,49
154,155
168,122
179,152
172,42
120,53
104,122
185,75
188,87
135,180
86,191
91,86
39,126
62,90
155,15
33,121
34,124
94,97
91,19
96,124
157,87
169,91
69,197
113,68
13,1
74,20
58,114
46,94
102,76
197,177
139,155
180,14
152,57
149,162
159,32
53,167
60,75
25,9
138,58
104,42
45,150
163,177
4,84
35,90
32,20
41,107
193,28
165,191
33,153
199,15
128,89
44,167
71,145
73,82
113,54
183,120
83,169
134,17
34,199
59,95
64,173
2,60
133,79
61,152
37,108
71,186
123,140
76,11
82,118
48,36
49,188
26,144
69,120
165,107
158,198
121,93
182,50
21,20
27,87
195,107
180,186
35,158
180,106
43,134
149,52
50,24
192,10
160,132
141,187
181,29
143,101
5,24
40,92
153,7
131,99
124,171
180,157
164,198
102,58
116,148
113,160
72,83
25,35
106,87
10,121
116,73
24,156
115,164
101,131
95,92
81,128
91,169
163,96
126,14
64,91
94,94
37,54
147,195
33,151
137,195
100,177
152,54
131,7
111,21
38,153
187,97
10,126
94,154
134,33
92,119
124,102
13,167
117,145
117,18
55,153
5,109
14,137
99,33
185,144
192,179
60,168
66,87
35,97
76,59
177,24
122,130
135,62
81,38
39,40
120,126
81,115
55,17
142,30
72,40
84,125
109,23
88,124
148,99
39,149
48,124
169,100
176,85
187,56
35,68
180,145
79,128
119,129
57,109
180,68
46,102
104,8
39,78
169,155
138,194
111,175
63,120
127,138
60,136
139,184
127,63
141,115
9,93
66,135
198,72
98,64
148,22
17,125
176,128
63,93
182,18
2,196
149,111
176,19
41,101
45,3
147,150
57,144
164,94
83,68
133,115
37,62
103,115
97,156
19,16
80,60
65,150
72,8
62,137
126,193
166,140
185,140
85,184
4,117
154,152
107,73
80,68
197,19
74,158
44,179
10,153
48,77
71,99
81,173
150,88
3,68
15,47
135,44
106,5
126,58
195,153
42,54
5,158
0,56
172,109
162,87
60,78
41,143
76,172
58,0
142,146
113,85
121,26
80,194
179,124
134,18
39,138
142,123
155,170
159,90
54,71
85,3
103,24
183,110
139,170
161,188
26,91
95,59
96,172
139,82
102,7
189,131
166,76
143,40
86,183
63,6
84,159
156,194
114,184
136,13
122,151
148,83
55,189
94,91
170,88
130,25
181,109
198,152
140,182
142,71
190,197
174,81
82,14
88,176
63,26
143,186
158,75
51,59
160,96
183,85
47,195
72,119
26,106
30,27
27,188
178,46
69,125
48,172
173,15
153,58
15,176
117,166
30,137
88,153
178,8
3,23
128,56
193,179
116,81
135,121
70,156
33,126
168,187
130,25
90,87
21,94
103,137
118,161
95,193
184,83
135,87
167,101
32,99
41,18
77,120
9,159
56,155
148,131
134,136
192,124
154,11
188,72
73,126
47,51
145,19
195,48
136,10
139,184
40,168
8,70
62,14
160,133
74,32
160,109
111,58
1,61
158,198
196,84
68,30
127,109
169,56
58,164
168,50
73,97
112,176
178,45
54,154
198,114
165,149
123,28
2,41
16,133
63,13
44,68
93,144
138,0
56,160
31,33
77,173
20,109
118,115
158,38
88,153
187,48
56,29
114,11
34,29
126,185
31,43
140,194
76,67
66,172
25,59
144,88
110,132
109,188
75,40
83,179
91,7
1,70
35,88
92,17
30,175
124,75
6,108
173,60
93,157
126,110
176,181
186,66
3,99
145,8
164,161
114,87
179,74
170,146
189,74
86,120
89,89
95,25
112,35
98,153
173,103
63,196
32,63
52,119
148,129
95,189
44,37
131,138
166,170
120,149
73,106
147,197
97,119
127,141
121,27
77,27
90,155
84,48
191,181
99,199
111,52
30,47
104,115
134,185
124,72
128,106
198,147
47,19
124,168
97,36
172,122
4,170
24,5
102,197
141,174
42,71
83,119
61,48
61,169
160,25
159,105
136,75
95,102
134,142
58,131
106,151
154,40
186,2
24,10
98,123
43,84
87,33
25,0
151,22
107,57
107,91
38,157
184,121
122,124
140,43
194,17
54,66
88,113
9,136
7,38
173,24
63,124
186,101
119,57
196,26
1,71
129,113
46,136
53,198
110,143
35,30
26,97
49,62
4,160
24,41
104,130
96,180
26,95
132,109
4,1
33,30
92,38
64,40
168,106
45,113
24,53
46,51
166,67
149,66
96,107
37,124
49,163
1,129
132,56
35,167
91,73
41,31
72,133
149,131
95,87
14,175
148,169
91,93
113,23
28,105
138,18
195,51
64,143
132,47
156,192
142,78
154,39
47,56
101,123
147,11
196,25
93,108
196,126
118,185
43,86
86,62
84,174
181,6
135,105
151,106
36,162
23,193
166,70
85,158
130,120
149,83
109,187
157,47
122,56
84,160
105,14
72,159
59,80
65,12
186,12
30,154
111,129
171,34
76,52
152,85
192,33
136,13
1,170
48,191
73,155
42,87
94,125
152,0
118,56
121,79
113,199
101,98
177,17
73,47
52,158
137,136
188,37
21,21
132,104
74,125
145,71
182,123
195,162
130,4
108,70
29,91
30,149
181,123
18,95
61,104
5,155
98,58
108,98
43,23
14,3
93,158
87,15
112,148
98,176
138,35
28,157
137,61
40,113
13,158
159,148
17,84
59,38
131,52
59,82
199,135
96,182
55,25
183,63
17,92
172,195
76,143
134,9
195,86
180,128
43,95
114,175
31,114
111,177
170,27
84,115
109,167
125,7
198,93
141,64
153,48
59,119
118,52
140,187
141,48
14,42
151,44
173,135
174,66
139,18
132,45
154,54
110,53
64,195
38,29
177,136
186,121
152,62
0,173
140,191
129,96
136,122
103,88
90,139
8,46
117,18
42,157
189,10
21,63
27,190
32,134
94,179
164,140
22,106
155,16
178,113
130,149
34,19
50,126
156,163
123,155
175,28
164,177
118,118
154,171
54,39
109,59
95,51
0,169
187,189
180,79
24,166
72,181
125,56
117,98
121,143
42,169
67,4
148,17
17,32
133,13
163,5
143,172
134,170
17,74
87,169
33,142
4,35
162,2
37,37
104,91
151,124
55,189
95,24
97,65
108,56
174,82
34,96
3,72
171,195
114,122
93,96
78,178
105,43
44,180
96,72
15,155
2,42
36,100
167,180
68,139
76,198
17,71
121,158
24,83
135,123
66,130
10,71
64,156
135,126
139,185
174,133
10,62
87,110
41,42
6,85
71,58
183,25
79,69
162,195
138,17
23,96
111,24
139,128
173,7
115,137
142,86
44,3
150,124
47,58
110,142
21,8
53,90
7,175
189,122
22,70
167,188
67,196
105,162
50,93
91,49
103,115
115,182
116,166
31,76
0,69
179,132
103,177
115,76
115,24
53,113
81,161
165,77
44,179
110,188
30,134
143,91
27,172
124,68
83,115
86,29
73,32
130,59
175,54
120,138
176,185
19,16
116,117
97,121
147,60
0,35
188,98
82,103
174,86
162,39
84,33
40,150
80,104
48,79
37,135
194,12
190,14
177,114
164,77
89,143
36,158
100,104
83,95
146,36
15,167
2,63
20,151
37,9
129,114
142,39
33,63
82,171
53,13
56,150
101,29
180,64
84,94
68,18
55,23
151,17
97,23
31,11
131,113
22,142
29,70
106,178
53,47
81,45
34,152
149,176
191,67
105,193
109,66
30,150
125,1
100,154
47,171
66,54
13,34
0,33
22,144
176,114
155,2
89,81
122,13
77,191
170,122
196,107
7,28
192,171
96,189
97,178
137,56
4,19
153,66
107,104
42,21
25,198
163,183
53,119
5,195
118,145
34,181
86,22
199,78
84,141
18,26
79,54
128,41
9,139
112,155
16,5
85,76
62,32
177,191
166,138
26,6
57,85
109,199
171,153
64,40
67,93
77,170
147,43
34,49
199,41
59,74
1,83
110,83
8,182
75,135
115,97
110,9
113,82
121,53
99,181
86,33
151,186
101,73
198,104
194,8
141,1
123,91
178,152
60,186
127,54
133,2
35,102
43,108
120,47
84,52
108,190
129,76
70,57
9,108
90,11
35,176
2,43
37,106
0,74
80,8
51,165
198,39
124,94
128,72
47,194
33,123
33,142
90,19
118,175
70,120
99,94
122,143
193,175
95,93
31,66
30,45
194,74
92,53
162,70
169,76
126,11
43,13
157,155
157,46
194,76
19,112
52,177
134,41
90,149
170,44
87,178
5,62
50,149
22,135
22,172
53,181
194,187
19,36
49,136
41,106
90,179
39,159
95,171
10,165
146,136
92,72
19,72
58,52
56,166
65,20
36,174
135,9
170,192
47,61
87,59
162,11
181,111
186,37
118,190
87,161
4,126
75,196
73,34
64,114
3,21
72,12
125,180
50,168
174,70
121,178
115,51
23,69
16,166
149,55
191,133
100,14
42,40
166,199
100,169
141,33
37,12
8,10
54,6
110,65
14,129
60,41
179,167
146,25
15,10
171,107
189,92
36,51
120,53
44,189
134,106
196,32
110,113
21,27
83,83
103,126
29,170
118,165
46,106
122,125
171,157
113,157
53,173
27,197
190,49
18,66
46,133
45,131
74,67
187,162
108,28
12,181
199,142
173,174
33,60
58,99
50,111
183,55
186,100
62,22
148,11
30,149
140,171
194,4
127,157
6,45
187,31
75,141
116,43
52,43
134,99
133,154
113,64
103,13
123,106
147,148
66,171
117,61
59,16
165,167
191,116
131,76
31,131
156,189
48,79
106,39
117,41
41,103
97,148
66,55
83,196
146,25
50,129
34,18
105,32
174,109
90,85
165,114
94,95
10,29
23,9
107,72
148,144
164,0
194,101
22,127
102,153
176,133
181,79
57,19
190,25
3,120
189,130
58,39
174,38
11,96
81,137
62,139
146,82
191,95
159,28
127,11
3,81
33,101
150,101
38,18
119,35
42,134
197,161
89,94
99,52
144,68
96,51
1,194
72,137
65,115
176,170
88,4
37,17
88,143
66,140
10,79
174,150
129,144
156,6
154,132
77,47
147,133
126,12
40,89
96,2
186,73
21,85
106,158
58,139
187,59
59,2
45,140
166,83
60,165
58,100
175,34
66,122
17,159
55,64
198,131
78,131
99,101
193,12
150,153
15,93
127,167
59,25
39,81
95,70
172,166
58,125
1,85
187,111
196,184
145,54
66,163
75,165
86,142
171,91
156,127
21,154
167,163
102,60
197,109
13,141
72,164
183,37
70,3
166,33
78,83
6,199
117,87
96,1
76,64
142,181
38,106
109,112
108,150
173,93
164,152
138,33
57,8
58,121
1,63
44,192
16,64
3,199
186,54
148,134
170,199
80,169
49,109
13,21
64,102
29,110
93,37
60,187
147,18
118,28
74,139
55,188
97,19
49,60
87,75
155,76
131,78
6,162
111,125
23,43
140,91
113,13
146,112
199,59
134,75
187,106
72,122
81,69
199,106
44,143
3,193
188,26
175,19
156,135
97,3
108,21
35,196
139,132
145,110
86,17
188,199
79,154
192,12
41,109
192,42
182,124
149,118
32,119
71,191
101,163
112,109
155,182
106,55
198,191
117,150
48,175
82,47
129,128
136,173
106,184
46,69
88,40
144,176
73,83
181,23
85,112
127,140
37,121
16,142
41,25
193,196
118,33
184,152
20,109
105,136
195,68
91,109
52,156
16,83
145,8
135,42
95,117
151,131
190,77
140,190
76,120
15,12
197,22
98,143
31,57
124,29
88,199
189,150
21,23
104,81
81,121
69,173
152,53
22,73
42,160
185,126
157,191
42,73
169,177
61,188
134,52
41,177
75,121
107,143
91,186
166,58
159,190
107,40
44,153
14,32
176,66
8,183
5,119
55,20
154,65
198,195
159,39
54,97
147,195
99,197
93,180
36,149
155,15
103,159
170,76
0,61
11,103
38,169
82,124
83,30
105,97
35,23
67,50
52,133
120,43
121,73
33,6
45,12
168,71
170,199
17,75
167,71
131,23
173,12
139,171
176,55
72,13
97,79
105,170
26,136
6,48
187,113
106,12
9,93
115,66
84,181
67,167
19,119
197,14
81,65
117,194
148,124
79,61
109,129
28,149
124,123
135,2
47,112
158,35
81,181
158,141
21,88
6,92
97,135
115,193
129,28
83,191
62,155
31,199
196,159
117,120
186,71
130,74
119,8
148,143
116,169
130,120
75,106
152,33
19,189
127,70
1,174
32,136
12,139
108,132
136,190
58,44
95,62
186,93
170,89
68,73
1,48
107,102
195,1
59,105
59,73
120,177
14,39
50,136
15,16
22,154
104,13
131,91
166,165
117,134
116,103
175,138
114,151
132,129
39,35
94,0
171,176
124,53
96,59
91,192
23,181
61,168
125,168
177,121
183,91
54,41
89,19
109,39
115,58
146,129
192,70
1,39
8,185
16,50
64,26
13,143
148,188
156,154
0,107
178,51
154,95
41,178
96,58
163,172
75,194
199,12
197,7
129,93
78,45
196,85
155,107
87,69
96,140
155,86
146,160
16,195
81,48
30,90
141,58
171,190
89,53
56,108
76,93
152,186
167,138
176,197
29,17
33,29
107,149
125,21
109,10
104,9
90,142
187,195
133,193
159,3
167,61
68,24
2,72
150,140
108,107
13,25
98,112
9,49
187,106
60,117
85,192
77,101
66,43
128,114
84,103
186,61
60,76
198,165
77,181
110,158
142,179
152,163
68,11
41,170
89,3
179,82
44,60
107,94
55,97
78,190
123,27
157,185
108,1
78,138
85,26
6,62
159,102
0,141
55,8
8,30
23,164
115,137
20,42
162,103
165,77
92,79
26,80
108,124
29,85
128,199
55,175
150,27
58,116
29,34
125,20
33,171
128,118
160,67
44,85
49,97
128,69
180,54
24,86
130,160
175,91
19,64
136,183
123,1
142,166
162,120
122,165
126,188
6,79
111,52
80,151
10,160
57,92
74,25
52,91
69,48
132,40
34,105
129,163
192,5
107,126
42,140
160,138
100,163
154,181
145,86
67,147
96,5
101,190
194,80
10,140
74,182
3,7
92,176
174,173
96,133
128,55
51,48
15,164
103,34
11,55
97,73
115,68
45,78
109,81
31,181
156,83
35,22
165,165
109,155
61,40
189,197
104,158
33,137
37,104
113,116
149,114
132,136
141,192
141,113
108,20
84,94
195,148
63,108
81,161
198,188
149,105
49,138
57,124
24,177
36,157
160,44
39,127
169,98
53,47
33,163
53,8
63,36
166,129
132,52
73,61
19,66
178,77
151,41
2,122
127,179
195,190
123,102
170,145
2,53
189,139
164,51
0,108
149,60
106,148
68,135
176,158
80,161
75,36
61,45
16,14
14,146
184,75
191,63
15,157
172,129
158,163
99,103
113,43
114,107
47,170
86,84
71,71
60,14
12,142
151,185
180,38
189,169
119,147
191,149
13,160
101,115
53,132
134,49
139,65
136,100
174,40
41,127
62,173
26,133
105,181
64,31
153,30
174,151
62,65
165,185
19,193
0,125
178,72
189,1
8,106
174,125
165,59
9,116
90,154
27,8
36,77
180,53
34,164
163,145
96,139
109,178
113,80
106,183
28,100
31,8
189,29
76,13
32,98
58,90
166,142
30,124
78,160
74,72
192,34
131,49
18,153
34,64
14,46
1,62
2,170
37,64
62,48
163,11
27,2
114,93
79,3
23,98
193,40
106,82
160,116
114,180
58,20
34,66
160,48
93,34
115,117
116,14
142,185
178,89
150,82
59,145
56,183
116,191
160,145
171,98
86,149
133,21
63,95
103,63
133,19
161,87
104,165
110,85
74,162
170,114
55,159
194,78
31,102
156,173
29,175
188,49
177,174
100,119
113,111
18,155
125,19
135,111
174,38
21,70
191,100
168,184
25,173
77,134
157,8
27,65
3,63
126,172
59,143
98,171
11,67
137,175
167,59
117,152
106,16
136,190
170,1
105,121
173,147
0,71
111,83
46,154
1,23
47,88
14,120
128,23
1,171
177,181
187,186
148,193
94,25
198,178
194,103
85,119
193,89
157,188
121,179
17,41
120,56
15,72
6,21
9,132
148,170
85,123
90,113
127,98
31,48
157,188
125,108
15,89
84,109
102,143
183,198
93,145
150,98
3,42
73,181
104,130
197,165
48,70
87,62
80,99
20,82
63,144
158,145
5,83
146,55
0,124
82,158
111,49
83,141
31,179
69,39
180,114
106,193
191,192
197,160
59,92
40,175
189,63
124,130
93,183
63,55
152,156
106,26
25,61
67,141
137,117
191,198
84,75
16,187
24,181
149,75
81,45
166,91
153,96
5,92
158,71
160,16
140,49
96,22
104,180
8,45
4,192
47,44
118,187
168,27
148,91
93,63
193,2
125,64
31,96
82,177
52,10
64,72
56,88
109,14
179,43
198,160
34,133
198,108
35,163
0,145
174,143
30,86
171,182
169,42
182,46
110,69
77,73
52,32
176,35
151,84
12,164
158,182
38,16
39,87
59,41
51,42
148,76
175,125
153,6
37,133
1,120
40,162
183,11
192,72
26,6
91,1
30,78
31,103
92,182
181,54
113,84
36,52
157,176
165,52
11,109
190,60
38,146
71,75
156,161
118,100
198,30
113,98
21,139
130,56
113,191
103,168
131,159
153,153
176,91
188,198
145,46
48,74
54,128
142,85
58,119
78,178
0,54
113,16
58,77
75,32
107,112
161,75
58,107
167,26
187,166
175,169
153,145
83,67
23,159
164,7
132,78
36,165
65,167
90,168
159,89
20,4
59,164
127,95
60,61
195,61
153,133
76,58
139,107
64,171
47,70
116,120
119,185
43,107
81,21
126,17
0,39
143,160
131,90
64,94
57,100
38,90
67,173
13,13
66,148
68,183
88,31
100,86
23,54
152,127
22,15
152,145
26,124
128,180
169,128
118,99
91,48
131,169
26,65
66,156
54,69
86,136
35,128
125,90
1,99
84,91
52,95
12,50
79,41
66,98
35,124
74,65
81,86
123,59
186,75
134,103
0,7
87,157
95,140
175,149
107,184
9,172
121,170
146,101
168,108
12,29
163,147
136,165
68,121
158,161
100,151
155,146
32,142
115,38
142,151
62,104
131,69
124,129
128,88
44,144
92,179
186,89
183,48
187,131
168,24
74,83
79,109
26,78
189,121
87,166
3,56
92,6
109,171
188,159
142,185
161,51
157,121
61,168
169,4
39,14
21,85
42,192
190,170
76,171
134,8
17,68
153,197
182,155
139,160
115,97
29,55
198,5
67,58
133,179
100,198
173,55
179,94
88,77
95,37
109,80
79,21
8,70
180,137
123,34
71,187
15,68
105,92
23,65
26,37
54,28
101,86
32,26
193,150
55,141
149,46
59,180
149,141
123,34
16,68
10,184
154,156
132,132
6,22
185,108
14,182
160,86
108,192
109,144
175,37
175,138
83,24
170,21
109,198
31,89
159,107
94,158
4,167
69,193
188,46
131,166
109,135
147,21
47,194
79,121
147,195
104,70
65,37
78,90
102,144
176,172
150,112
110,4
48,24
177,131
119,58
93,157
89,46
42,57
71,44
1,151
72,145
25,174
103,143
86,56
42,115
181,39
140,196
142,98
131,111
103,71
71,60
28,42
12,43
104,179
8,35
91,26
172,36
165,9
168,170
145,119
157,182
41,49
172,197
70,199
4,45
139,18
149,132
56,184
122,61
180,109
184,105
69,34
31,127
5,25
139,100
68,78
49,130
80,134
123,65
22,134
119,82
66,132
96,31
2,193
93,155
143,168
83,11
68,141
104,150
12,108
48,180
161,195
164,190
128,47
78,132
178,106
17,9
115,180
119,54
44,197
38,141
150,160
170,18
131,119
155,99
110,36
69,33
142,71
137,122
18,153
25,176
187,150
174,61
174,179
196,112
173,46
181,79
180,122
161,21
26,100
81,155
165,85
165,52
24,179
163,90
131,97
165,199
121,45
33,31
75,180
90,158
4,0
56,101
73,192
152,158
173,161
32,46
115,195
32,174
164,196
5,19
167,61
120,80
24,193
56,78
144,64
104,84
176,150
135,46
45,12
107,175
59,182
109,170
36,42
121,190
156,128
72,135
65,38
105,97
1,79
96,150
196,120
162,148
135,0
32,30
65,71
44,109
51,54
190,49
118,101
57,133
153,143
131,107
165,6
144,18
14,138
62,124
80,16
72,192
147,129
66,84
8,135
50,121
142,81
153,169
195,69
152,154
144,103
12,3
133,106
84,74
28,81
181,170
171,176
95,65
115,24
199,38
32,2
48,91
177,10
15,139
112,91
62,184
81,197
131,27
75,158
18,77
52,192
130,102
113,161
41,69
124,35
5,155
99,62
181,22
48,107
196,173
31,98
54,140
17,101
92,195
108,33
11,65
129,199
5,111
70,14
199,180
10,102
186,42
196,71
194,50
153,144
142,50
170,4
49,172
163,68
105,123
3,64
100,112
5,20
123,147
168,101
38,33
42,183
164,112
112,81
109,21
48,31
79,120
7,84
172,117
47,82
99,117
164,42
189,193
17,156
88,2
2,141
26,20
69,25
88,186
179,191
172,155
187,168
47,62
29,41
134,74
70,90
19,76
67,186
66,41
9,15
7,173
180,97
186,70
1,176
148,195
171,58
126,91
73,190
106,50
150,101
156,28
165,41
192,137
155,62
148,82
128,158
121,2
141,0
121,85
174,89
42,189
24,159
61,26
100,90
116,81
139,159
110,58
86,117
102,166
165,34
103,38
193,159
5,86
5,180
122,20
19,58
47,149
161,64
83,71
4,157
141,119
71,86
33,106
163,152
88,170
84,70
46,59
144,89
30,124
18,92
80,78
158,116
131,29
190,100
170,111
120,144
5,4
63,187
132,58
192,194
174,191
33,144
191,22
48,159
4,108
177,21
155,154
142,8
66,94
25,199
176,88
29,95
159,41
29,69
77,137
146,155
28,71
121,12
118,40
184,98
15,16
99,10
73,118
58,123
2,148
69,156
5,147
70,102
126,144
15,21
135,198
152,24
149,191
47,180
94,114
93,141
152,168
63,108
188,36
181,187
172,54
54,76
66,140
40,170
68,23
3,59
101,45
140,116
199,55
168,189
87,67
43,54
130,29
156,68
67,107
100,9
184,76
63,48
51,41
11,111
153,111
182,100
40,182
82,137
171,155
148,54
119,34
48,124
121,189
74,103
81,38
11,178
160,88
91,14
4,155
134,32
14,137
163,166
86,48
188,194
147,16
146,118
100,61
77,13
188,129
160,58
180,24
86,4
71,47
175,160
151,48
142,132
101,0
145,155
127,16
107,78
102,101
152,181
134,47
198,79
195,114
192,159
2,17
102,7
188,170
67,121
38,22
13,138
94,126
193,79
167,140
62,138
129,146
171,4
27,3
138,105
29,59
187,118
170,152
122,107
153,142
58,154
60,14
123,90
32,196
136,114
132,72
183,180
70,89
58,30
195,178
6,170
69,53
16,104
147,8
52,179
175,138
92,70
116,40
146,110
35,194
36,111
17,46
14,146
135,75
61,53
2,185
51,144
48,28
37,37
28,101
104,53
145,183
22,162
160,189
99,7
159,115
31,138
180,20
162,134
85,24
58,36
7,97
192,18
111,146
158,25
23,52
174,11
24,108
4,110
60,30
191,9
173,22
195,35
113,23
107,191
15,70
20,13
88,179
128,62
32,29
175,167
152,54
141,97
165,37
120,160
86,12
70,7
43,138
11,196
105,96
74,7
8,2
30,110
41,0
76,177
42,30
56,77
37,144
145,103
160,62
71,41
97,44
72,86
26,83
48,118
177,0
116,8
6,131
157,150
85,87
163,144
32,190
126,25
44,154
35,51
32,79
60,178
96,99
82,151
80,117
21,65
29,122
18,112
59,152
157,128
115,33
175,112
22,103
184,195
135,17
142,63
183,195
184,68
30,172
106,195
137,17
88,132
189,159
198,96
105,67
110,21
22,132
55,176
184,32
179,87
55,170
57,135
52,173
9,58
68,122
72,23
121,22
198,193
94,27
39,102
126,115
67,11
169,126
10,144
19,23
100,113
152,81
144,27
100,4
9,62
90,129
35,160
124,61
67,110
114,148
125,97
25,114
81,122
127,74
75,186
38,139
53,163
94,125
186,59
66,156
50,19
30,162
66,37
170,117
196,151
1,48
186,117
80,195
155,157
17,35
171,132
160,94
172,102
138,144
63,44
107,118
99,162
113,180
195,81
93,64
106,140
8,90
70,140
58,17
191,115
103,104
18,198
186,111
30,28
108,198
97,113
41,182
34,27
158,26
168,155
159,118
16,17
157,67
149,108
9,80
48,15
152,45
61,69
106,152
136,100
102,105
11,39
52,66
60,19
169,10
68,89
114,142
7,51
182,78
21,129
30,115
161,52
172,18
137,102
87,102
11,98
149,149
113,72
153,159
39,115
28,1
146,125
164,42
29,113
51,198
142,97
159,33
135,123
132,6
95,95
67,13
34,96
131,49
194,41
83,120
3,12
30,162
121,9
185,13
168,178
141,14
68,171
49,27
84,13
162,20
152,153
41,181
127,117
63,181
90,89
190,147
45,150
176,119
42,19
28,154
5,128
107,72
176,182
17,117
107,36
159,193
30,157
152,185
190,60
50,94
162,33
102,160
188,161
186,143
101,14
86,12
25,141
193,14
99,72
68,72
99,163
165,143
69,52
30,56
147,169
183,37
56,156
40,96
41,155
49,53
85,178
79,48
199,67
199,184
76,96
58,141
43,63
54,94
123,48
190,64
39,24
47,101
168,100
100,97
23,55
188,90
1,59
133,52
97,127
64,123
57,100
126,50
187,189
185,53
99,81
109,164
30,75
59,11
128,70
118,148
102,197
190,180
144,185
106,177
59,31
124,131
168,8
194,181
25,15
26,124
144,42
49,138
72,22
145,133
130,198
1,7
77,23
44,18
1,172
141,142
105,159
116,18
25,26
10,54
38,142
28,4
122,170
79,70
185,5
6,97
76,160
12,146
93,170
48,143
133,11
44,172
123,32
31,158
187,53
31,5
78,42
105,110
125,26
57,4
104,131
26,91
11,66
22,77
63,82
82,116
59,57
54,175
9,164
64,64
12,125
16,192
104,0
87,90
162,131
82,18
187,59
68,60
120,106
162,6
136,19
40,173
170,16
23,166
167,182
55,96
7,111
36,32
27,7
147,173
6,115
167,40
111,10
111,103
24,69
73,87
60,196
157,186
188,55
142,154
18,111
196,75
156,168
104,27
2,10
40,194
48,81
167,51
113,193
68,105
23,4
141,31
48,85
138,92
9,194
76,169
93,146
176,135
30,56
153,47
150,102
10,15
191,79
91,145
135,166
34,28
10,100
110,27
120,39
155,63
173,98
95,73
196,78
166,41
1,62
115,78
173,83
177,55
19,183
86,147
132,152
79,156
111,92
107,88
47,191
123,36
48,183
164,155
31,140
134,94
42,84
97,31
140,103
121,81
42,142
73,126
26,118
51,57
58,11
24,53
187,19
189,69
153,0
116,31
6,80
165,199
186,66
164,104
89,98
48,164
1,33
8,178
93,59
90,12
17,176
14,199
91,57
109,21
72,129
96,144
63,50
15,37
109,87
164,55
53,28
167,8
169,177
0,141
118,108
173,45
63,160
136,2
106,105
121,70
77,74
12,56
89,134
138,148
122,185
140,170
77,132
125,45
94,156
135,63
58,49
61,144
173,147
145,20
170,138
59,40
143,85
90,5
36,34
18,164
129,84
148,90
10,57
194,9
87,146
124,198
181,155
81,51
8,22
29,185
87,93
158,48
0,163
49,167
45,173
39,21
104,169
71,61
177,157
108,91
35,17
79,100
163,180
145,55
137,2
161,97
127,60
93,62
189,172
194,1
85,171
56,19
164,104
181,153
0,176
107,186
77,107
30,115
111,179
107,141
163,182
21,105
4,2
113,123
94,142
48,115
26,191
189,138
23,39
73,126
42,60
13,168
77,154
1,33
97,139
170,30
171,169
51,106
43,100
118,100
94,153
19,180
75,43
102,41
17,170
46,188
11,134
196,61
123,161
180,85
8,107
107,190
49,6
5,173
191,176
173,177
105,93
148,158
31,75
111,125
73,130
27,107
90,2
157,39
26,176
130,28
162,160
199,85
62,12
175,133
136,8
151,24
118,49
61,60
182,0
33,159
122,137
133,166
145,84
82,59
84,117
170,156
102,25
170,116
95,77
21,170
86,12
18,55
55,132
147,157
156,67
47,148
128,174
180,130
148,197
183,147
68,111
50,13
141,160
44,59
144,192
25,37
109,25
106,92
128,7
161,34
15,78
129,181
57,174
21,60
141,158
137,98
17,53
7,37
88,148
181,19
33,4
36,109
78,190
36,28
127,49
195,116
46,61
148,183
43,110
93,177
143,88
86,93
199,5
163,52
148,73
8,86
83,135
86,150
88,70
59,119
117,68
3,104
26,189
86,102
165,189
113,133
34,99
134,171
189,66
102,111
38,47
31,143
185,133
195,188
133,197
84,164
166,141
112,16
176,22
97,24
156,175
117,131
108,121
148,154
161,174
196,172
51,187
18,66
78,194
112,139
50,32
20,100
12,166
7,72
85,85
163,179
61,176
50,102
110,94
77,183
130,134
149,92
150,20
118,160
80,114
67,88
67,74
129,183
85,154
161,20
30,182
39,19
197,194
113,48
7,139
164,177
156,12
86,62
163,82
173,63
155,157
187,32
189,153
30,115
40,103
123,59
191,159
179,198
138,65
109,178
61,164
58,79
168,128
153,133
141,113
168,11
160,95
47,3
198,192
174,4
196,12
122,54
22,26
189,169
75,168
14,62
4,120
27,44
94,196
162,150
119,35
193,119
188,35
194,16
34,69
141,170
120,129
71,165
117,80
179,143
179,32
15,18
133,187
57,108
167,95
36,121
173,186
130,191
180,34
61,14
73,115
89,46
91,89
128,191
173,182
66,177
71,15
180,176
154,13
53,145
163,31
25,165
152,88
2,116
127,96
14,51
57,52
125,55
107,113
108,89
4,104
91,20
141,149
23,122
62,189
67,60
197,162
141,68
4,31
98,33
76,1
142,119
165,89
187,125
37,28
191,159
192,152
59,99
149,149
194,95
161,125
157,118
18,98
183,113
179,29
136,134
184,66
10,57
1,31
120,156
22,5
47,198
69,90
19,23
64,74
126,138
139,117
153,19
130,158
32,149
9,194
92,114
150,120
6,160
25,172
66,125
16,15
103,181
86,48
127,110
189,41
65,31
39,188
22,21
5,9
182,160
145,71
35,21
102,48
146,122
159,126
109,147
195,170
16,147
150,158
125,88
181,140
45,123
32,118
135,0
182,13
177,74
199,162
53,166
35,24
76,47
70,135
2,2
164,196
70,184
26,25
156,59
199,95
41,17
31,121
59,124
189,111
72,73
167,116
142,77
121,188
178,123
22,134
157,38
64,106
146,100
96,132
32,10
53,195
63,56
87,52
36,100
129,181
73,55
13,52
190,96
49,179
191,94
122,132
54,167
81,105
98,112
153,105
114,153
118,195
33,164
16,140
151,152
32,197
172,47
199,35
65,136
34,47
65,136
175,50
90,140
114,198
96,4
84,106
37,141
134,22
108,139
44,163
199,81
81,174
44,17
37,153
189,175
185,123
1,180
141,173
21,48
158,59
188,60
155,193
64,174
2,26
166,67
37,98
69,108
35,63
0,130
2,54
150,81
182,68
58,160
2,172
12,154
67,126
141,111
81,130
110,26
182,195
109,192
1,92
134,179
109,195
27,26
137,96
119,197
124,17
55,144
101,149
171,106
80,86
12,93
73,169
169,124
77,148
104,164
51,141
23,6
199,103
151,185
190,84
189,117
199,85
57,165
64,11
129,13
29,88
39,178
9,136
121,66
35,126
148,193
161,138
39,199
134,52
83,74
117,154
106,168
106,63
174,163
162,193
171,12
85,91
21,152
6,198
21,141
5,35
40,53
117,20
3,78
75,173
14,131
82,103
50,106
86,111
177,111
31,170
88,15
138,67
57,153
123,161
99,97
30,51
44,10
184,156
35,83
135,191
92,21
118,130
91,82
150,146
13,182
109,105
165,62
167,170
32,159
39,192
69,17
92,115
77,5
49,36
83,134
129,181
31,21
129,13
3,70
103,194
16,55
197,122
151,62
138,193
7,70
182,193
40,65
27,40
80,66
6,3
157,121
84,17
33,131
52,92
35,91
185,55
39,13
44,194
53,189
115,0
67,117
0,147
160,122
163,175
24,106
73,67
167,193
189,188
181,195
156,54
147,38
158,192
154,81
93,150
41,9
98,24
24,24
192,141
179,108
114,47
40,174
17,144
143,50
96,131
199,197
121,84
123,54
171,129
118,27
108,87
177,102
148,165
30,108
59,56
3,166
78,101
18,115
54,193
95,164
94,166
0,143
106,46
16,40
187,44
75,37
77,110
113,164
131,101
86,134
44,150
21,53
133,2
160,44
43,2
88,63
160,38
124,28
168,123
168,129
118,179
184,183
121,146
79,97
2,83
94,70
96,112
44,102
162,9
54,131
113,19
11,45
16,162
8,53
92,18
10,2
126,197
46,22
155,164
35,47
81,13
103,104
144,65
167,44
132,10
139,4
91,198
0,56
55,61
92,104
27,27
195,192
122,19
77,127
29,70
22,196
54,74
103,59
114,110
155,58
112,141
128,29
143,50
168,163
90,85
191,1
184,113
38,93
156,101
123,98
109,182
174,60
194,111
29,73
70,14
186,25
1,38
103,127
152,32
47,52
191,37
115,188
97,75
53,158
102,55
3,104
157,187
140,122
103,91
6,161
139,88
96,147
164,70
177,195
43,143
84,181
145,180
57,152
115,4
34,7
146,151
65,111
198,83
164,12
130,47
16,2
154,109
164,31
33,73
140,50
151,183
11,88
179,59
15,153
193,76
153,53
41,141
149,24
25,91
106,23
148,77
57,76
50,191
37,157
48,177
158,60
185,63
97,123
5,186
171,141
146,166
134,48
84,110
81,127
114,185
27,29
129,194
84,186
164,17
171,40
42,137
118,25
169,22
6,163
177,23
100,136
156,187
191,133
39,137
165,63
86,199
194,199
110,158
71,178
151,152
8,28
11,74
54,31
49,42
121,4
163,131
48,8
180,160
144,11
79,139
37,131
114,194
161,120
36,123
46,20
53,64
154,188
148,60
11,184
36,98
196,9
91,52
21,18
2,15
33,13
142,181
88,109
129,54
93,4
107,175
70,29
106,61
67,61
185,169
109,20
159,122
195,198
60,16
119,67
104,46
72,169
145,74
199,1
43,107
176,175
26,126
15,66
37,104
165,1
33,154
64,142
136,57
18,8
190,52
58,160
82,22
48,11
35,186
41,113
169,156
49,51
59,106
181,183
18,176
104,1
137,146
119,25
79,0
109,161
16,162
168,2
18,153
82,122
167,89
52,97
50,7
21,154
187,169
12,90
74,28
53,69
157,103
96,62
16,142
1,32
14,151
15,52
171,64
138,117
54,107
42,196
8,33
167,117
115,92
139,161
92,19
131,70
170,104
148,88
173,72
145,87
59,19
129,188
143,7
138,74
197,129
55,117
68,115
123,66
3,33
9,137
130,163
193,78
199,156
145,196
77,67
187,74
69,98
131,67
89,130
87,26
83,165
88,177
173,192
190,94
161,48
12,89
63,57
177,138
42,61
175,14
129,0
34,152
69,131
166,59
173,115
53,197
100,169
137,37
31,161
1,112
82,156
51,159
41,173
178,52
104,123
58,37
177,33
42,152
85,147
65,48
185,152
96,157
135,127
193,196
169,139
12,147
179,197
126,106
144,177
43,186
156,2
130,47
77,105
174,120
101,35
124,79
197,81
139,29
111,126
101,119
138,64
180,56
164,86
120,175
51,138
104,45
60,39
113,124
55,180
160,30
146,185
120,24
82,196
68,146
115,163
155,40
146,150
64,163
54,27
91,157
51,57
55,38
192,74
28,198
67,143
115,51
51,71
12,38
103,26
28,159
39,197
142,45
138,195
51,13
190,162
133,140
147,168
82,188
144,118
131,198
120,184
114,99
12,189
185,168
40,169
54,59
65,42
116,11
170,56
123,155
154,118
90,52
197,82
110,93
53,32
167,182
164,71
104,80
13,26
122,140
35,132
97,77
68,107
124,85
175,79
112,43
28,114
170,17
121,143
189,115
184,153
125,164
54,93
152,56
131,115
120,39
42,151
144,161
133,147
136,176
19,195
148,100
19,172
114,110
139,106
18,57
36,72
160,60
134,35
51,137
125,11
10,162
43,89
169,95
115,117
79,46
142,189
81,133
3,127
31,87
117,95
125,93
86,2
122,167
185,149
42,92
183,59
95,48
66,86
160,182
109,84
71,167
133,71
17,128
168,26
193,96
154,73
17,14
174,52
72,166
152,87
110,188
141,28
2,105
15,129
43,176
24,37
140,64
96,54
12,20
182,52
188,139
42,139
162,31
53,142
65,103
10,93
102,154
99,30
174,2
197,150
197,148
196,137
72,112
165,56
63,168
23,18
191,164
131,132
88,80
52,160
64,95
131,14
41,6
195,70
192,199
64,163
133,194
8,44
126,0
9,1
173,66
149,20
65,2
78,110
109,26
196,184
153,128
133,144
126,8
135,67
169,164
14,109
119,110
145,90
12,81
40,23
194,6
51,137
63,68
96,173
187,46
130,166
177,0
36,156
93,126
92,66
119,67
20,14
92,64
160,88
102,149
44,51
180,128
193,141
142,35
22,82
114,129
182,29
155,119
37,114
104,86
181,85
112,125
0,176
62,68
135,51
140,110
124,41
123,131
130,2
145,128
105,37
122,119
187,178
23,132
42,104
115,103
193,54
160,44
196,26
165,44
22,192
187,65
51,56
137,132
35,98
102,66
101,27
150,7
190,139
76,120
48,105
61,126
78,70
187,51
186,130
135,137
106,24
134,44
86,77
168,36
55,110
148,136
7,134
76,180
152,104
193,59
175,161
136,190
135,67
37,29
1,140
60,96
105,175
39,38
117,187
182,6
48,40
69,109
186,196
198,59
110,126
151,177
145,192
97,62
39,97
63,91
103,68
136,6
131,148
79,11
8,82
59,169
137,130
96,91
162,121
47,163
82,7
1,2
128,100
72,164
123,61
101,186
3,95
29,199
6,178
141,108
182,95
11,13
12,176
81,16
138,128
137,29
36,186
169,143
193,160
59,188
31,138
133,135
122,62
64,65
164,62
154,41
116,56
12,117
65,86
22,111
99,178
62,163
41,122
64,146
5,152
29,135
4,22
24,53
148,114
29,191
199,6
144,14
67,170
122,159
124,127
145,140
88,27
161,42
92,121
145,128
93,88
98,183
29,67
149,161
60,81
13,57
98,138
16,61
127,17
55,83
172,156
116,124
114,122
149,13
187,46
134,82
29,169
18,130
106,62
108,132
91,194
159,132
45,82
69,6
47,161
148,115
184,173
197,156
184,29
139,47
43,17
168,109
131,134
71,177
144,64
113,37
152,68
173,48
72,84
63,103
160,65
21,71
112,123
82,95
95,25
133,8
4,136
170,0
152,180
120,32
51,189
145,110
31,69
163,24
199,149
30,165
176,17
22,110
100,138
129,54
135,121
98,56
131,186
79,175
87,58
83,121
118,179
101,64
141,67
198,38
76,149
88,92
87,101
103,20
106,19
128,94
140,118
87,198
53,21
169,118
85,19
84,18
185,196
124,16
125,31
96,99
88,48
22,191
112,49
93,85
3,166
175,188
1,159
33,155
140,81
97,88
161,111
112,110
156,54
2,110
80,152
96,101
65,170
55,153
199,11
187,76
24,93
125,122
198,129
186,111
45,28
18,81
105,52
98,160
28,33
111,33
168,181
48,70
147,147
79,96
56,145
38,53
31,9
55,93
0,87
93,64
22,84
35,199
107,8
60,50
93,140
134,39
58,127
69,176
197,117
169,170
94,119
103,156
152,156
103,115
14,142
69,123
101,184
57,152
79,127
142,64
21,31
9,113
76,105
41,52
71,8
43,192
159,106
147,54
72,29
42,43
20,82
180,94
50,57
86,64
78,123
153,183
44,98
142,164
140,31
115,44
34,5
173,185
79,114
106,43
128,190
5,154
39,39
195,51
165,112
39,47
188,144
121,114
17,82
100,38
65,121
108,83
62,23
156,0
173,100
38,196
137,40
59,78
60,189
27,7
13,96
62,110
199,97
75,49
85,73
139,71
179,19
88,95
49,16
190,126
163,162
75,157
117,177
57,150
58,14
178,196
100,188
20,172
20,70
144,16
140,162
197,117
73,35
173,124
76,98
45,70
69,81
161,47
70,53
157,111
143,177
122,29
28,3
52,145
165,157
175,180
121,198
178,198
136,145
14,156
21,73
198,32
53,81
33,157
181,18
79,75
46,116
11,19
94,144
173,117
188,46
23,56
155,57
164,131
119,35
107,51
22,180
146,180
37,6
15,153
176,145
19,150
89,119
28,131
197,77
98,80
58,130
2,185
85,118
134,175
104,26
89,168
160,33
138,101
9,161
155,117
164,66
112,75
183,13
22,173
4,68
117,35
164,14
38,43
157,177
158,149
139,117
52,68
197,190
184,168
11,21
58,50
30,54
77,47
82,39
73,35
187,122
20,118
88,100
122,99
83,154
126,58
147,89
158,109
177,193
5,132
188,85
56,24
78,82
150,30
145,92
117,121
19,11
141,186
192,137
133,91
66,13
108,113
182,121
80,66
74,190
98,109
80,80
137,46
80,74
192,183
148,99
91,12
187,160
104,98
24,87
118,102
111,153
156,182
177,44
97,28
100,170
107,44
11,137
1,137
192,143
54,108
125,131
169,76
84,0
55,45
66,23
104,147
116,20
10,9
156,24
158,21
128,129
71,112
29,196
1,118
132,37
119,39
60,55
133,42
104,148
172,70
192,20
59,86
143,7
31,66
168,48
73,190
94,29
183,84
165,16
182,174
161,190
41,16
42,150
108,161
178,57
38,59
172,45
138,90
94,64
88,18
2,52
130,67
195,184
90,175
21,174
127,148
141,154
114,165
54,124
145,115
168,76
72,2
81,24
39,41
170,17
51,97
55,134
53,43
88,115
21,133
80,148
137,31
27,69
0,148
55,21
74,125
7,29
55,48
65,82
141,61
143,54
53,189
49,123
80,120
6,81
45,6
6,68
148,26
133,184
168,20
181,183
118,13
107,163
116,101
123,122
51,131
73,122
55,187
4,134
176,43
45,118
114,37
103,190
47,139
187,183
75,177
197,99
106,195
176,194
48,156
38,143
105,88
178,187
176,121
75,134
33,131
77,32
116,107
62,160
4,166
107,8
38,190
122,192
180,45
198,119
3,162
100,3
182,105
132,187
94,84
83,94
180,91
55,151
100,4
186,163
53,177
128,117
85,42
99,85
166,162
31,72
47,136
196,162
64,196
181,184
27,122
91,160
122,76
124,39
80,101
39,191
78,26
30,94
149,107
101,88
138,45
58,174
66,26
166,18
188,165
138,22
127,150
55,198
108,101
192,52
163,141
8,143
65,74
68,155
184,37
180,123
139,106
169,35
100,3
1,39
117,194
64,182
18,87
174,37
110,41
122,83
196,162
186,174
171,136
10,187
187,167
137,146
177,35
0,77
59,106
108,62
139,89
139,41
80,180
143,10
185,69
49,3
49,166
69,5
197,65
58,52
77,128
115,182
139,33
175,185
83,110
90,181
18,56
148,60
150,123
173,88
6,152
182,82
3,43
37,108
74,103
159,191
55,45
87,189
85,173
8,184
4,124
70,171
6,50
125,196
166,92
156,11
73,49
37,169
147,30
196,104
93,80
70,127
73,173
40,138
70,2
101,46
57,166
3,127
99,117
134,44
184,172
18,133
7,9
75,176
82,91
116,151
62,136
126,108
16,81
160,98
198,170
112,39
41,135
99,162
65,2
156,98
62,80
148,152
168,100
99,86
81,28
155,199
61,25
92,138
120,179
46,10
117,169
159,70
75,122
36,110
52,17
39,121
152,30
35,23
95,190
161,4
185,190
10,76
7,5
41,68
174,24
196,187
51,18
104,43
168,99
74,160
135,3
48,181
9,85
78,2
47,61
117,27
65,21
65,42
0,12
120,126
62,185
42,58
174,47
19,34
164,55
55,35
97,172
63,60
198,46
174,72
110,161
95,1
29,199
52,25
19,161
78,141
137,182
139,100
55,155
34,160
156,23
194,168
35,98
22,21
48,42
61,30
176,115
79,174
20,79
91,120
126,119
104,122
60,56
126,31
41,32
105,61
64,27
129,61
120,76
168,175
154,63
99,77
57,65
153,104
197,74
141,99
108,187
164,162
150,111
80,135
137,173
178,120
48,78
95,179
25,6
8,137
101,133
4,87
195,117
159,196
174,64
199,56
25,77
159,12
121,98
169,69
136,178
75,62
188,125
193,108
124,84
199,18
117,87
50,167
142,35
18,177
107,60
166,33
119,196
1,19
37,173
45,51
10,110
79,87
180,149
94,38
45,171
50,157
19,190
33,4
198,23
71,85
45,195
57,15
193,57
67,135
161,51
75,176
99,71
31,29
197,196
37,154
167,101
192,186
76,36
80,7
169,87
199,90
61,138
156,111
112,199
117,150
138,197
155,82
161,85
50,107
130,118
62,190
34,6
15,137
27,186
40,104
55,12
89,161
196,80
27,77
83,156
22,20
34,150
166,85
151,124
99,17
168,146
183,117
138,76
30,195
45,60
47,65
175,30
45,195
15,6
118,152
28,195
159,147
170,65
182,178
69,185
6,53
48,19
90,147
82,91
130,50
187,149
181,40
38,126
116,30
191,44
5,25
16,160
54,111
60,50
128,103
110,61
4,44
137,59
70,195
149,10
9,37
20,69
164,177
14,121
26,0
91,127
104,32
143,134
34,94
154,83
28,150
173,17
9,144
73,127
83,98
26,35
102,199
117,85
50,28
16,121
120,154
119,118
28,183
63,18
64,50
92,115
95,152
101,64
26,42
150,6
97,153
2,138
169,141
154,146
57,150
79,24
151,124
173,151
164,78
43,76
41,108
0,36
142,16
140,143
194,60
1,9
195,114
190,9
80,158
23,156
185,114
140,46
19,5
152,112
152,164
174,88
74,3
74,30
84,163
13,105
122,55
134,184
173,95
45,52
168,8
137,199
153,78
124,62
85,109
35,190
163,103
27,135
4,128
151,77
140,18
5,36
1,111
65,107
154,48
183,173
40,21
33,108
97,79
109,197
80,87
43,52
119,47
34,143
171,116
4,184
100,196
89,63
47,142
170,61
32,65
64,101
64,13
23,52
103,3
93,92
95,38
155,70
130,6
42,163
173,155
170,16
90,189
187,27
118,48
66,116
89,92
151,181
165,168
163,78
126,21
71,116
70,138
110,115
154,176
131,45
193,58
49,151
184,69
88,106
27,61
87,49
162,195
43,26
74,79
151,46
0,127
176,29
115,137
3,191
188,184
197,106
196,129
19,198
8,14
75,123
183,158
21,192
102,52
166,39
176,70
137,52
132,83
68,64
68,151
65,196
128,40
2,80
158,91
25,45
162,20
75,179
133,139
84,95
125,45
165,195
111,37
83,195
71,11
56,165
61,161
66,122
0,169
19,74
118,101
163,87
131,112
162,118
183,53
111,167
9,119
121,172
77,128
56,139
2,15
125,199
114,38
194,148
161,173
103,132
183,97
165,8
136,171
129,12
70,156
182,199
175,120
176,45
23,38
28,112
55,133
28,87
66,80
72,179
143,50
56,120
148,56
128,180
97,139
10,52
112,14
180,28
74,136
198,174
167,172
3,8
150,64
32,15
71,161
49,32
127,159
12,100
119,109
43,19
111,38
182,143
120,115
149,79
108,18
91,8
177,171
111,87
168,24
60,101
160,57
135,99
62,41
102,30
128,5
127,118
110,125
100,51
189,101
1,4
127,147
158,37
156,72
34,28
9,74
41,0
191,177
108,107
63,139
3,136
175,136
131,72
81,37
60,189
101,27
138,147
111,175
6,51
162,69
190,172
195,109
93,84
174,158
68,119
34,61
23,66
56,191
120,46
113,182
63,33
105,66
65,116
148,50
66,144
165,133
174,81
17,130
55,148
4,194
39,178
127,95
87,161
132,67
71,43
42,9
67,22
49,27
56,146
24,27
187,70
61,172
37,34
120,193
26,123
121,145
190,156
33,151
139,63
154,155
179,105
73,99
42,92
26,77
61,73
52,24
57,172
52,112
2,44
139,74
84,62
83,56
191,174
86,7
182,113
138,185
158,39
87,20
120,81
162,139
103,152
95,77
148,29
134,114
132,25
138,138
136,21
29,152
133,73
179,104
12,93
81,155
69,103
153,51
180,31
183,124
199,136
115,97
112,141
141,103
153,167
173,39
123,24
50,138
102,194
38,136
68,189
34,52
32,15
118,168
64,38
46,171
128,140
122,10
189,100
122,128
64,68
17,156
10,152
174,95
154,43
13,120
75,44
145,91
18,152
178,6
72,51
125,178
84,111
86,82
113,99
129,188
50,1
25,169
135,96
130,28
99,34
144,151
184,95
131,98
199,48
23,48
65,197
15,114
197,193
160,5
87,140
49,41
79,175
175,39
63,94
87,59
41,74
8,129
124,95
5,91
47,137
116,132
156,16
178,50
111,163
131,68
196,93
162,37
162,111
121,133
118,87
162,86
155,124
83,185
110,98
142,72
124,107
48,20
189,85
54,68
136,31
96,117
139,172
126,156
148,197
168,20
4,147
13,184
56,71
124,67
96,156
148,34
195,143
104,163
19,27
195,70
185,112
119,153
127,142
1,4
111,26
185,11
112,63
35,199
76,36
80,106
21,116
14,20
111,102
123,0
123,11
119,105
72,32
70,80
114,27
182,187
163,147
71,152
116,22
76,4
126,3
163,58
39,28
34,193
9,154
174,181
14,58
69,147
51,156
91,127
128,158
9,109
62,4
126,193
134,186
181,28
164,3
191,198
126,103
39,108
21,184
63,44
144,27
145,109
115,4
66,153
62,156
84,190
128,143
199,121
22,46
79,66
45,178
5,112
87,142
67,22
69,165
127,3
163,157
55,175
165,73
74,71
49,185
3,29
13,135
137,27
41,95
53,132
138,159
161,23
30,105
68,141
52,96
98,121
73,144
63,170
10,25
124,188
7,14
23,170
146,77
139,119
55,198
142,145
173,104
39,41
97,88
48,27
49,88
124,146
82,184
34,162
23,99
23,69
126,69
139,45
74,83
162,107
56,60
92,43
105,92
129,95
128,76
113,145
158,100
82,36
141,34
89,126
187,1
38,24
174,89
85,44
140,100
55,151
171,159
32,47
127,145
39,23
54,190
47,12
116,157
102,55
182,90
83,122
159,11
14,33
19,86
13,144
125,111
192,27
152,74
105,47
194,194
103,125
25,146
12,199
74,142
187,171
106,2
76,85
42,50
9,93
31,52
123,97
58,50
49,22
145,147
148,163
146,150
9,159
29,163
86,75
159,55
139,51
73,74
178,134
96,112
91,145
75,173
147,101
81,83
48,30
159,157
156,11
69,82
101,108
198,89
180,119
7,43
16,162
40,20
101,40
147,91
14,162
183,96
99,73
97,169
180,76
4,27
66,58
36,39
147,128
95,66
53,163
72,151
97,155
32,18
178,89
111,183
20,93
39,39
159,67
166,24
196,118
63,65
98,58
24,42
46,68
122,80
166,40
127,62
181,174
18,130
181,71
79,112
183,24
19,25
198,56
57,198
70,41
19,85
134,166
129,188
54,86
136,189
60,159
178,60
10,98
11,59
172,89
138,37
159,133
44,150
89,101
69,41
84,39
113,36
105,59
133,142
164,69
75,2
59,177
65,47
55,25
174,59
143,118
180,2
58,140
80,32
174,51
163,51
56,160
158,139
108,15
130,194
197,165
184,128
95,24
195,85
188,116
15,162
136,176
188,184
157,166
130,150
87,37
139,50
159,138
48,142
31,128
57,119
195,44
64,77
108,142
177,60
180,97
2,3
172,194
40,15
99,9
177,30
12,45
59,152
95,199
35,192
107,37
160,2
18,129
160,156
121,23
168,44
139,54
92,160
17,138
20,185
124,182
58,22
131,39
132,105
177,61
163,9
131,9
138,69
199,44
54,9
90,2
109,25
181,9
100,6
184,56
57,164
7,106
87,18
132,151
115,24
109,82
56,107
47,192
38,198
192,108
104,60
165,1
191,126
124,146
85,3
92,142
128,1
158,98
132,84
196,0
90,44
41,81
72,193
180,155
16,183
111,49
12,53
197,71
17,39
171,87
194,66
180,40
29,141
137,3
186,87
179,19
115,40
94,71
6,116
87,179
95,78
29,150
82,74
153,167
33,35
113,158
171,147
36,83
46,66
112,64
93,80
19,90
3,39
92,166
139,162
106,139
85,82
175,103
132,43
170,59
25,70
14,157
176,151
193,197
93,0
20,44
76,189
165,51
111,2
47,61
99,146
144,88
100,182
34,159
5,65
27,70
75,42
102,60
134,32
45,47
125,183
24,74
112,71
103,109
3,67
10,66
31,52
120,180
14,8
161,183
71,69
105,20
120,144
65,129
154,153
193,147
76,93
195,115
43,139
27,156
74,149
115,168
149,82
156,173
99,23
33,168
106,152
191,28
24,126
165,18
75,143
126,9
142,125
83,181
179,48
79,58
137,65
198,149
184,165
118,123
165,60
17,97
36,133
172,54
60,188
173,4
37,163
67,10
43,180
31,135
174,170
192,33
154,194
49,165
12,25
3,151
27,115
175,80
120,40
116,100
107,21
61,125
144,80
185,146
135,48
127,115
43,137
71,110
132,56
116,45
60,107
155,160
76,14
1,57
81,187
106,34
4,2
86,156
106,105
4,155
116,41
79,38
147,157
45,101
44,198
106,90
126,59
194,107
131,103
142,32
77,135
80,139
113,82
135,103
144,157
146,84
146,29
14,154
76,165
36,84
4,169
70,129
163,120
174,168
123,138
42,192
77,144
61,117
103,82
114,176
81,199
43,130
111,172
194,32
156,27
170,191
136,161
198,172
141,41
196,161
173,163
139,181
191,162
144,145
46,12
55,91
51,57
117,23
77,7
94,153
68,160
147,38
18,77
186,6
80,30
185,193
132,122
135,128
116,134
53,159
50,189
31,109
178,181
111,183
75,102
144,81
13,150
85,167
4,41
12,126
153,109
47,149
63,78
58,1
138,118
174,83
160,28
151,198
181,179
123,189
175,159
143,136
29,133
61,22
62,129
23,9
79,68
16,142
119,133
36,44
44,97
112,111
161,116
137,165
155,174
56,101
93,78
71,164
28,84
30,107
97,59
106,73
7,13
41,91
49,66
109,109
105,140
85,64
160,84
34,152
10,196
71,156
80,188
43,83
131,179
111,85
157,169
48,106
87,8
85,31
24,42
39,180
97,172
33,162
77,20
40,149
56,193
122,78
142,99
134,115
194,61
197,130
3,34
91,138
83,38
190,13
98,178
168,34
152,122
71,105
20,119
164,52
122,68
77,33
188,139
142,26
87,86
175,29
17,163
93,182
136,116
110,182
135,190
114,175
74,121
98,133
162,83
18,37
54,108
38,134
101,22
95,155
142,41
123,83
176,62
131,34
72,87
183,19
107,106
136,56
83,190
163,86
197,152
7,138
21,166
158,72
49,115
138,56
140,119
75,174
151,128
21,37
130,115
90,176
182,0
93,155
199,33
94,156
141,9
178,196
6,16
93,196
132,144
4,151
48,102
119,132
149,51
187,104
59,89
145,17
4,102
67,6
144,151
81,123
67,47
16,99
47,114
82,67
41,94
178,75
26,123
77,20
80,64
32,177
109,198
124,195
177,27
11,49
147,147
7,126
167,35
29,28
132,65
96,96
174,5
186,145
182,109
52,90
50,63
198,70
32,79
146,110
174,45
67,0
69,193
35,106
92,109
185,4
26,0
58,153
127,76
34,134
173,88
53,186
166,112
81,55
21,89
17,167
186,95
167,14
64,79
73,7
7,15
193,114
140,177
21,161
113,101
10,69
166,16
93,102
173,124
42,77
61,64
178,44
179,51
7,81
30,153
86,2
76,34
37,96
91,33
141,183
29,114
177,163
173,82
37,27
38,39
197,14
25,12
17,60
107,11
113,39
127,107
182,131
28,139
109,73
184,156
51,105
113,139
140,173
1,79
195,75
172,169
181,126
87,48
54,173
36,138
68,69
195,143
89,135
99,16
166,180
114,177
144,41
6,138
152,163
46,15
103,57
12,135
147,120
4,155
192,59
93,98
23,72
184,13
104,6
41,176
77,156
166,88
4,22
197,139
71,49
8,179
10,117
141,39
72,191
80,23
76,182
58,107
36,4
92,34
63,65
123,52
44,68
179,157
150,30
55,27
157,122
35,7
61,77
142,49
114,99
59,86
181,54
0,45
88,183
165,79
10,78
83,124
90,141
197,191
14,51
165,89
166,8
2,40
126,174
6,124
90,14
120,178
56,62
86,72
111,91
183,42
78,95
183,37
23,54
188,64
180,123
182,9
132,158
61,198
191,139
42,149
174,148
193,0
78,59
129,104
181,134
193,93
130,151
17,48
162,176
119,105
51,43
110,154
166,115
152,161
49,66
83,111
121,10
147,100
190,178
146,156
85,29
21,72
57,75
66,188
96,175
198,42
92,95
80,160
178,90
69,117
73,20
165,120
68,65
4,134
92,106
38,17
97,57
40,132
134,17
176,176
139,91
11,54
11,139
31,166
90,28
127,119
126,144
86,34
86,53
181,6
116,24
116,113
39,198
159,8
1,80
93,144
170,149
77,70
54,122
149,155
167,72
3,168
28,55
7,143
126,95
87,94
191,25
93,84
103,92
153,124
22,86
49,109
178,161
192,44
5,164
157,132
23,59
151,100
108,18
46,184
73,182
33,100
12,151
89,159
180,138
180,114
84,52
68,98
70,81
36,142
16,92
31,115
183,105
148,157
151,61
87,160
144,151
15,18
133,163
75,9
9,188
111,174
173,18
3,15
145,66
20,164
112,87
106,149
192,20
44,10
173,171
16,187
6,45
161,64
154,37
135,148
24,187
6,139
37,64
113,74
39,167
104,54
21,184
27,134
62,73
172,86
68,140
108,158
84,64
137,140
176,195
174,24
102,19
47,124
142,61
50,87
180,136
26,184
126,36
18,45
90,48
121,154
84,198
134,95
144,144
182,97
40,131
190,161
86,58
155,192
190,88
157,2
165,51
128,29
89,113
24,117
9,53
48,183
52,17
136,89
41,92
48,113
196,70
199,113
195,10
183,165
119,117
159,59
184,144
197,88
134,52
140,149
114,99
10,103
66,92
198,70
2,69
186,57
125,19
114,1
138,102
177,165
1,40
28,7
117,135
156,176
110,40
72,69
86,50
167,115
41,196
67,92
153,32
116,19
29,35
170,191
193,158
99,139
86,37
22,114
28,195
8,186
122,102
150,167
11,8
56,150
7,13
144,143
126,169
109,31
93,189
28,43
0,38
45,56
30,66
72,81
75,183
120,176
73,155
93,61
89,23
16,107
154,72
49,163
39,83
80,128
78,120
76,165
57,16
92,35
76,121
89,59
103,124
192,69
123,177
111,93
148,150
16,3
138,48
119,102
165,5
41,102
18,92
53,162
142,192
32,156
105,191
4,116
95,157
115,188
61,16
35,152
160,44
18,116
8,69
120,113
28,150
19,143
111,102
168,114
171,162
15,34
58,197
100,75
117,22
85,65
179,132
42,112
197,105
80,127
54,53
170,57
31,123
102,143
70,168
66,75
132,123
131,43
72,0
182,186
179,183
5,166
36,33
122,37
55,78
34,97
80,21
26,177
157,5
70,16
131,24
58,14
79,177
133,5
37,143
163,194
79,197
63,4
161,24
139,13
26,1
176,54
142,180
90,16
121,49
41,47
144,129
37,75
166,68
33,123
181,78
186,198
39,7
76,167
126,173
72,37
82,79
97,92
89,198
147,134
162,95
195,199
158,54
77,193
187,75
193,110
197,152
15,176
177,76
78,14
178,87
48,108
120,78
179,86
3,49
96,32
64,55
80,145
89,14
120,79
78,195
58,15
117,56
6,147
184,168
1,170
61,157
0,26
58,4
0,110
8,35
189,131
128,53
16,131
192,20
164,28
8,185
46,34
121,41
126,65
24,54
30,145
109,198
37,100
82,151
188,13
46,191
179,157
109,49
74,119
122,48
99,130
121,145
144,45
85,124
0,38
170,98
113,128
75,164
12,6
55,84
38,136
141,57
17,119
81,133
129,86
91,132
113,81
22,139
28,8
138,118
151,102
182,25
58,145
103,199
24,71
120,91
18,13
19,17
136,162
101,76
45,61
106,161
143,193
151,175
85,94
64,95
172,146
171,50
107,98
80,23
129,0
122,115
178,173
17,174
41,45
89,136
116,120
32,15
74,187
43,51
94,70
56,9
186,32
116,198
136,53
75,118
78,112
24,38
161,143
52,180
132,134
186,11
110,163
197,89
17,68
85,175
29,87
175,21
26,94
185,38
49,141
91,72
193,88
168,132
134,63
178,174
34,5
71,157
167,54
71,136
93,194
172,152
101,175
75,52
111,135
118,88
134,48
137,196
2,59
180,77
51,81
126,167
149,35
68,177
23,6
198,137
54,68
59,54
133,100
153,153
147,188
70,125
23,131
157,112
93,120
28,198
50,130
98,124
23,135
175,30
16,8
91,174
35,22
87,160
183,27
11,145
68,157
7,65
112,32
72,186
39,25
31,69
55,55
182,67
92,156
22,35
189,187
4,97
33,107
33,97
70,38
189,89
123,172
89,194
134,67
91,127
8,112
97,119
146,124
13,171
13,115
87,101
199,54
7,105
32,85
193,60
111,82
181,141
61,85
180,90
141,151
135,43
115,51
114,179
117,141
70,189
41,12
5,190
51,79
21,80
133,86
144,188
52,74
138,104
92,78
17,123
190,87
57,59
4,111
56,64
95,59
182,123
141,111
64,92
47,35
117,149
183,111
53,172
34,64
117,13
96,162
40,52
77,185
176,40
176,182
174,66
154,74
114,179
60,73
34,103
194,44
110,197
34,175
128,122
51,18
22,132
181,99
126,181
18,111
184,86
98,156
187,41
159,169
115,125
134,24
78,183
150,121
148,184
131,58
81,168
22,81
26,118
158,77
103,17
43,103
126,178
52,133
123,161
103,192
123,98
164,192
69,121
99,88
72,38
191,59
75,137
22,45
180,166
60,105
120,8
49,65
85,4
135,30
71,68
181,184
133,62
193,66
186,56
169,129
44,141
22,27
67,194
20,92
118,180
185,81
164,109
143,163
61,173
187,138
174,173
9,123
37,115
181,53
170,118
95,104
70,68
3,38
180,55
184,46
130,1
108,167
86,120
146,111
109,169
33,85
164,109
159,86
57,174
42,146
148,142
28,177
160,2
65,6
93,185
74,136
169,12
15,62
164,189
143,38
99,55
117,8
23,27
39,62
26,66
84,136
128,91
29,198
134,24
188,92
41,138
186,172
123,40
122,90
84,133
125,41
31,121
145,102
154,34
79,58
152,139
140,20
100,149
195,65
70,190
94,2
169,96
23,71
184,70
167,132
182,42
128,146
111,29
126,171
2,176
55,193
1,14
126,16
137,168
146,194
36,99
49,139
63,70
148,166
118,167
15,96
134,133
84,17
134,149
44,169
120,68
75,47
162,140
126,137
156,183
2,172
90,185
96,144
90,111
196,75
133,20
79,137
131,22
14,76
112,5
53,54
133,126
78,16
161,195
160,162
38,3
71,7
104,136
53,26
79,114
22,42
15,182
140,196
177,28
51,97
81,56
197,37
29,62
146,192
51,108
192,182
64,12
102,174
73,93
61,57
116,82
32,74
4,147
179,182
177,164
29,10
77,99
69,133
83,83
129,100
103,63
144,27
41,95
93,38
118,149
57,150
79,179
9,166
151,198
90,79
1,129
100,117
44,161
90,9
125,82
152,60
42,89
29,22
185,72
83,87
3,125
110,192
127,137
192,175
12,42
117,144
54,197
181,41
162,13
69,44
15,110
10,30
53,126
84,12
19,174
104,76
192,30
144,125
18,80
11,40
94,20
174,153
141,199
135,26
100,73
79,131
188,107
35,59
132,97
30,160
45,188
7,88
194,187
47,14
100,85
184,55
86,22
128,129
159,36
45,121
164,154
134,43
127,91
185,182
163,139
140,30
195,36
84,120
36,150
29,118
2,11
66,52
98,67
120,22
156,142
117,17
102,114
35,9
48,135
99,147
119,60
130,74
4,100
137,30
21,95
22,31
130,141
63,156
70,175
194,147
91,104
74,92
38,53
72,152
20,1
14,74
30,181
33,119
193,171
96,166
116,75
8,25
165,85
71,113
123,103
50,119
0,105
88,36
81,194
89,36
145,69
20,130
175,146
55,165
129,93
31,66
194,118
9,58
30,128
107,49
181,110
183,138
194,40
1,138
167,76
104,1
7,67
40,106
83,198
133,71
88,11
98,77
193,145
0,139
19,36
89,150
123,158
102,126
179,89
63,106
113,74
48,147
30,157
185,98
138,7
130,101
65,52
1,175
14,117
70,54
135,123
96,82
105,74
55,142
171,194
126,36
167,148
9,40
92,25
162,137
24,148
107,190
196,138
178,161
126,166
177,60
108,195
106,92
99,161
75,0
44,193
142,126
20,77
103,160
43,55
72,67
132,43
136,187
170,28
138,146
22,168
97,49
119,100
64,119
69,132
48,53
8,23
59,7
68,119
27,30
137,47
88,33
103,154
107,143
47,36
58,138
90,93
39,150
167,172
28,16
29,10
184,161
193,161
139,6
119,105
158,191
44,55
82,96
143,60
84,190
192,181
91,66
192,188
7,198
64,135
172,147
38,69
3,65
180,166
162,161
52,158
0,8
79,33
127,103
11,154
92,129
188,196
128,4
158,23
54,69
4,114
64,152
64,2
94,49
82,45
197,183
33,96
167,115
115,168
75,147
112,148
77,23
77,33
109,192
127,93
124,172
42,10
30,92
87,179
44,155
32,199
115,141
102,95
38,37
119,7
192,97
6,34
58,160
188,187
192,138
106,180
176,64
39,183
106,42
34,83
152,129
20,152
115,87
159,43
49,99
6,7
65,121
26,159
174,186
196,143
27,176
21,115
24,116
7,169
187,181
60,197
12,140
107,39
84,111
176,52
80,35
119,185
134,78
175,35
188,194
133,186
116,192
164,17
14,176
76,153
87,153
137,163
67,10
12,8
37,15
155,189
75,35
59,8
84,49
76,41
83,23
193,119
175,151
168,58
100,163
70,173
111,95
0,121
40,29
20,150
109,40
178,5
64,168
188,178
166,46
163,120
13,71
45,29
6,160
133,89
107,59
180,182
156,7
16,178
28,195
80,149
15,0
144,13
111,120
136,67
36,118
86,83
22,37
140,157
95,144
34,36
22,43
76,58
142,160
167,123
66,67
137,0
27,174
91,105
168,174
84,14
59,133
92,103
139,86
124,80
127,143
107,66
155,182
50,162
159,195
26,76
163,88
145,5
56,186
118,88
63,157
161,4
191,182
87,150
127,140
182,134
88,155
114,190
103,156
40,195
17,130
45,96
186,45
90,78
35,40
146,86
148,39
157,135
121,21
98,163
117,7
85,90
44,184
104,11
56,159
82,9
78,94
67,109
157,96
21,40
38,18
184,199
89,121
9,150
168,101
193,67
52,163
177,50
15,165
134,190
123,192
155,47
66,47
180,132
37,173
113,150
180,111
140,148
178,43
167,196
149,87
147,69
27,51
42,58
109,55
160,126
162,8
37,144
45,50
67,126
159,165
53,93
118,110
173,46
169,105
2,155
96,52
25,107
6,95
130,156
79,168
5,77
159,21
15,33
66,196
90,76
146,122
9,76
70,189
116,136
69,165
44,11
89,167
55,190
76,129
112,140
145,71
136,147
21,122
124,162
24,139
4,78
52,85
107,125
161,144
169,46
167,8
98,131
90,127
127,31
64,162
155,149
129,119
2,127
154,8
101,39
27,127
76,127
192,143
175,186
6,76
169,55
26,48
90,121
82,102
90,117
101,101
44,132
87,36
145,172
161,184
96,195
114,80
119,38
74,140
3,100
147,133
3,162
74,159
88,69
73,26
135,133
65,123
145,167
86,40
124,29
80,72
71,54
7,4
188,184
128,130
111,9
179,80
71,109
139,138
47,74
80,44
123,154
149,91
21,137
12,152
79,8
148,116
74,161
184,186
171,185
113,159
30,92
19,176
105,19
16,168
145,8
188,32
38,152
160,158
169,141
178,185
9,47
170,46
72,6
34,67
25,174
39,84
18,130
18,99
162,159
156,186
165,10
170,150
171,91
27,21
159,16
28,22
93,93
5,90
88,146
75,134
70,180
57,185
171,188
104,184
19,123
3,11
111,95
158,79
153,109
58,7
135,83
113,13
78,148
54,73
9,148
166,14
112,51
199,159
38,81
45,37
91,186
101,147
40,102
9,134
45,31
183,122
164,35
83,163
146,125
195,171
122,139
188,156
107,105
42,107
183,165
5,82
140,177
175,68
103,89
146,169
2,192
157,87
164,107
84,197
137,40
52,106
133,187
31,35
106,108
131,158
53,134
197,18
165,43
95,140
188,195
133,140
167,83
156,183
114,54
12,169
184,161
55,74
30,103
189,170
153,124
111,64
180,114
76,70
14,4
72,174
128,87
36,139
145,107
144,174
166,184
10,60
15,109
134,23
143,108
56,1
128,152
81,35
125,49
32,113
67,81
162,141
47,107
7,80
120,10
65,58
183,68
32,59
85,119
23,163
28,62
87,18
83,48
143,179
104,85
123,20
72,10
5,71
2,165
155,110
56,162
173,11
171,113
33,28
171,124
22,51
112,81
41,73
24,11
66,39
127,102
58,21
48,21
12,104
37,25
104,128
179,128
176,14
51,185
195,154
130,172
147,158
110,118
24,45
67,73
31,129
82,157
96,158
179,186
172,178
86,71
168,14
121,101
108,123
146,194
106,153
195,167
169,52
167,104
33,94
140,90
164,157
101,191
67,100
164,151
168,122
61,110
111,170
191,102
10,90
177,11
27,134
101,167
136,180
141,117
61,86
87,71
171,161
107,84
64,45
56,40
36,39
166,29
138,30
141,91
86,30
134,149
101,11
34,131
176,149
167,45
140,75
183,32
161,184
92,132
145,180
171,179
78,26
5,92
91,135
199,8
73,58
144,105
24,159
179,152
80,19
111,180
18,91
90,30
46,46
115,130
109,82
170,12
92,17
44,108
2,71
63,44
70,42
19,95
163,169
98,76
90,185
73,181
26,66
70,182
3,122
111,11
157,49
33,54
94,68
93,79
137,171
89,147
101,181
51,172
116,76
22,191
36,148
123,61
29,4
30,115
19,34
196,122
150,169
23,153
20,171
100,181
42,29
70,153
56,152
14,2
52,168
39,43
182,134
189,103
21,95
132,29
156,157
173,143
122,112
127,174
81,68
188,58
139,77
92,181
160,28
16,53
159,149
144,165
117,36
57,176
56,43
0,35
50,186
70,164
117,39
169,193
144,21
56,43
197,53
138,132
192,132
0,163
93,184
156,39
32,130
126,160
146,118
6,136
100,66
117,163
132,137
30,43
63,109
148,146
40,155
44,65
186,144
141,87
104,188
100,22
127,14
37,28
175,52
115,31
72,141
179,135
84,44
166,175
20,39
183,199
36,169
1,73
172,9
50,157
39,113
59,109
53,32
92,24
160,14
121,170
134,85
93,73
160,74
106,169
193,82
128,187
183,101
164,6
3,9
156,168
73,22
106,146
23,183
114,70
66,123
32,8
28,177
132,61
18,86
26,34
135,138
196,89
78,134
179,74
70,149
116,159
12,3
143,34
198,143
155,55
98,108
19,195
82,157
152,190
15,57
124,149
46,134
89,145
127,14
15,139
184,187
121,99
81,143
194,18
168,128
2,135
141,56
62,54
140,54
57,69
112,110
139,68
163,190
107,195
55,17
57,185
179,141
51,114
145,160
123,35
41,68
199,13
134,114
21,101
59,181
122,82
167,165
103,196
72,152
80,34
91,157
24,47
92,155
113,55
33,21
5,40
161,13
167,195
120,155
13,159
70,115
92,4
51,124
60,87
198,84
76,153
67,158
159,163
98,73
45,137
99,40
157,35
148,149
197,27
6,60
30,1
58,47
111,29
137,98
20,173
122,83
75,164
81,129
24,100
155,162
65,142
16,94
139,118
100,142
133,176
40,26
7,86
127,106
75,199
38,66
140,106
17,34
21,153
138,108
179,129
58,40
29,81
11,103
1,31
105,62
6,144
17,166
133,148
150,92
11,47
29,102
73,131
174,58
104,99
94,105
194,188
56,173
123,93
116,186
43,85
199,41
166,171
147,116
140,100
98,80
116,32
70,51
137,29
77,9
74,126
5,135
59,172
119,189
160,146
163,0
93,157
17,112
192,107
15,143
94,3
190,25
86,89
130,127
184,22
174,196
126,162
131,86
124,179
187,61
108,159
9,5
76,33
125,13
58,130
15,103
86,56
6,25
11,197
24,80
27,83
164,152
44,30
57,174
161,81
136,71
39,186
6,50
199,46
52,40
175,147
81,199
162,7
108,92
41,117
12,79
196,95
18,68
130,28
9,96
27,69
154,67
2,63
117,134
123,104
160,10
22,12
6,129
68,137
35,104
154,39
54,83
35,123
143,93
30,124
66,189
48,159
87,157
86,63
199,135
105,52
180,144
72,128
23,193
184,130
147,2
59,79
118,13
130,161
151,155
92,5
76,165
23,71
148,91
43,24
96,81
25,93
91,30
160,162
164,191
10,108
163,103
46,189
121,139
34,92
145,124
131,153
159,70
18,81
97,131
27,41
24,80
126,77
7,29
82,124
115,149
112,3
22,116
70,13
172,172
41,95
18,99
175,192
83,179
114,9
138,34
139,75
154,168
22,199
24,55
45,115
45,137
142,65
30,186
48,60
140,138
15,20
88,89
175,46
118,141
37,91
55,155
195,94
195,90
157,103
123,4
171,99
158,155
71,105
71,130
24,90
155,158
82,164
102,23
17,122
162,99
118,155
79,121
113,36
7,158
93,30
181,77
190,86
168,145
199,158
64,100
189,68
180,135
117,51
72,33
160,12
58,54
53,118
84,83
0,94
85,91
92,67
30,160
198,185
139,106
70,158
65,167
118,56
136,68
0,21
185,65
91,105
185,41
26,16
161,65
186,136
147,22
162,147
138,150
150,31
104,30
170,104
196,79
112,195
168,42
143,44
158,31
34,87
18,27
143,69
31,2
8,85
158,44
189,88
59,119
24,184
131,157
183,1
183,110
190,126
10,174
60,48
95,123
138,33
4,134
198,32
187,63
154,85
130,164
95,3
185,183
57,150
46,130
90,105
110,89
183,190
120,76
149,10
148,51
32,183
86,131
182,112
38,104
163,106
2,138
91,194
49,60
0,13
198,26
117,10
67,116
149,3
130,80
141,68
151,25
120,141
184,62
188,143
107,165
168,52
46,36
1,113
82,102
72,182
71,155
61,33
105,57
153,7
185,103
62,107
118,139
192,92
43,136
100,7
185,162
198,170
48,156
133,142
13,25
127,157
199,131
24,131
90,29
87,197
78,140
19,116
65,70
114,171
122,167
199,88
37,156
24,160
131,104
137,15
63,158
127,141
141,155
49,74
122,15
159,94
77,72
66,18
121,15
194,91
150,30
29,135
157,122
92,102
29,132
43,76
162,17
126,196
107,158
98,13
173,47
62,70
182,8
58,52
197,199
90,194
160,173
93,129
41,128
140,58
193,20
76,73
69,194
94,32
192,123
17,146
50,88
5,126
107,10
83,4
178,12
137,125
30,87
45,19
41,57
67,4
2,110
193,92
43,27
41,183
28,21
94,30
57,77
126,195
43,55
117,10
83,106
174,35
71,55
110,134
23,48
47,9
120,69
115,150
35,42
31,162
143,70
142,108
91,176
42,2
109,157
45,186
32,25
155,40
66,47
23,194
86,131
18,113
154,73
97,43
165,36
170,2
116,15
132,65
73,154
183,196
153,58
18,128
160,92
191,194
171,60
124,123
39,69
46,36
48,190
92,1
98,110
77,175
42,0
21,180
136,102
5,198
150,7
105,167
31,17
195,11
195,12
35,41
4,37
186,10
135,88
167,79
137,47
14,70
75,37
176,103
11,120
52,9
78,84
153,138
26,99
44,158
114,73
129,48
146,149
99,124
185,24
181,108
171,94
126,65
23,100
90,184
93,186
0,13
173,146
129,32
138,3
2,127
5,46
8,160
159,141
163,184
122,150
12,3
46,66
5,13
119,122
108,170
9,198
116,178
44,42
65,100
71,115
115,31
188,126
123,0
2,77
193,148
96,0
25,194
40,90
172,132
85,185
199,51
143,161
80,46
57,14
126,76
42,118
75,76
142,141
152,156
146,178
188,195
49,114
51,21
51,178
183,94
8,126
69,116
44,181
0,132
64,87
18,138
35,85
1,25
125,81
74,153
78,190
121,44
176,199
153,128
51,124
154,199
135,42
8,178
73,185
157,50
141,192
13,146
26,120
31,35
120,18
65,179
159,126
136,94
75,126
131,63
33,170
188,105
30,186
50,41
177,103
29,80
12,87
102,61
162,89
189,55
79,138
137,4
115,199
147,139
87,134
155,87
72,50
197,25
93,45
38,32
139,12
67,193
147,79
18,79
160,114
199,80
161,104
13,38
23,171
116,152
64,17
60,196
103,131
9,54
109,108
46,18
18,109
116,44
59,151
13,158
11,177
160,166
50,50
56,179
123,45
33,43
100,102
151,145
185,179
30,172
63,60
174,175
31,105
165,13
100,14
80,191
192,5
176,123
103,159
196,126
175,97
42,189
19,109
8,174
143,3
14,104
142,135
140,109
18,172
49,55
182,55
163,18
93,169
32,55
143,107
5,85
96,185
66,82
4,30
36,181
55,13
35,191
33,53
181,20
97,178
182,64
112,118
57,35
124,88
65,191
4,10
120,174
58,15
127,34
182,154
95,30
50,137
58,119
99,38
182,106
174,115
185,69
66,99
1,174
45,166
13,109
84,136
53,138
94,21
196,151
68,23
15,129
32,155
73,62
62,52
20,114
92,77
111,197
116,197
39,174
70,14
96,116
139,186
157,121
175,87
36,57
16,10
154,38
174,57
114,22
94,107
122,58
163,48
131,170
136,134
120,67
167,5
68,29
160,75
37,172
33,184
190,144
111,78
26,192
173,24
179,91
23,147
28,110
115,160
61,154
122,16
191,149
50,28
0,163
19,66
72,54
74,135
121,158
68,85
73,183
25,15
45,173
183,106
79,71
117,75
107,41
185,31
13,196
72,165
184,175
172,121
36,192
61,171
43,67
89,77
109,105
39,63
22,137
161,178
23,177
65,185
114,87
121,25
65,113
160,10
36,44
118,181
171,105
195,111
179,22
114,159
23,42
187,106
126,142
106,36
32,82
95,68
23,55
167,69
118,119
57,135
118,49
29,99
40,128
106,186
14,177
66,71
167,162
181,66
153,152
59,109
134,113
102,68
156,137
88,193
54,155
117,129
195,46
144,96
90,139
81,70
128,57
173,199
70,45
119,25
115,192
124,22
136,44
130,121
50,115
198,50
85,6
129,124
68,6
155,167
98,130
32,0
199,186
11,195
40,185
86,4
26,28
25,199
14,193
39,178
73,101
74,94
163,103
173,42
18,107
123,174
70,150
103,142
21,85
152,187
188,105
147,158
70,98
76,110
75,70
2,2
145,74
85,75
2,180
126,135
72,184
135,71
128,189
37,193
100,45
69,112
130,37
146,161
54,129
180,126
17,189
118,112
39,100
26,187
130,61
123,6
60,98
71,68
132,41
116,183
40,179
61,111
98,18
88,92
32,75
93,112
44,47
121,28
138,150
163,1
108,54
21,131
182,59
59,54
155,35
37,120
162,92
29,171
193,39
81,104
177,79
171,124
138,14
146,144
167,198
3,26
36,39
39,27
111,27
191,31
60,61
64,121
29,4
168,44
105,12
171,114
113,30
31,138
190,63
49,141
193,120
4,44
31,95
144,178
46,100
129,169
141,122
157,59
163,109
100,57
115,76
76,39
136,91
7,184
181,28
59,133
185,69
1,65
128,161
39,73
139,48
190,3
61,12
72,120
125,2
25,196
109,154
136,12
55,117
195,133
97,26
29,187
3,126
4,156
8,115
72,23
137,160
157,126
53,35
190,161
108,6
124,39
130,148
32,70
194,53
163,36
7,38
76,149
61,169
36,6
14,55
155,192
11,108
46,17
193,89
18,159
53,92
134,151
64,63
84,184
87,98
163,77
40,167
5,157
186,95
108,98
110,39
32,3
183,51
48,59
115,100
71,112
182,84
160,17
89,192
181,14
94,151
164,105
47,69
111,118
37,13
100,192
14,171
168,169
80,191
1,153
14,18
144,132
90,59
24,1
156,64
79,48
139,193
102,56
185,74
48,121
67,86
105,109
142,29
94,113
179,42
124,9
169,132
128,61
63,28
5,141
145,22
149,196
106,82
18,71
99,199
24,136
21,5
57,10
142,113
54,139
49,13
57,91
176,70
23,26
172,139
64,136
188,99
76,178
164,18
177,93
1,70
186,25
67,4
57,129
36,99
155,4
132,11
59,167
28,112
60,28
118,70
38,114
133,91
137,73
95,155
185,119
55,71
99,50
170,22
80,4
115,179
26,4
102,154
61,120
185,15
109,150
135,140
174,68
119,75
14,36
136,30
22,127
159,19
127,81
184,76
43,179
6,110
161,121
8,99
53,175
113,126
15,2
195,67
49,186
101,11
72,109
34,152
69,15
88,41
121,52
162,183
134,40
175,89
27,97
87,47
191,184
101,42
137,155
49,81
98,157
133,41
42,67
25,4
91,37
61,25
60,103
175,114
196,22
133,16
163,174
196,26
43,143
146,92
171,90
162,174
80,185
117,75
143,20
41,0
20,18
19,182
9,151
51,151
106,162
79,11
177,10
88,89
129,115
93,196
9,38
92,102
0,132
144,181
162,14
113,160
11,14
86,121
29,0
93,144
76,174
133,142
10,133
35,189
188,140
14,64
186,67
69,70
179,100
48,143
66,100
85,16
184,32
79,23
69,198
25,126
14,137
27,189
48,13
87,4
175,178
101,5
111,164
82,118
80,102
159,190
147,188
187,161
46,53
144,182
43,165
133,103
66,193
120,172
34,143
120,158
80,77
130,180
171,199
59,199
42,12
127,172
8,161
179,0
142,82
199,189
21,165
29,7
146,116
107,40
198,73
157,2
4,10
77,11
126,187
74,108
18,165
125,87
49,128
149,82
98,141
190,27
3,192
43,14
60,26
106,161
193,151
183,187
2,100
190,188
46,139
152,154
166,79
16,153
59,146
168,86
96,182
160,165
65,15
36,140
119,70
44,175
63,81
26,70
159,112
121,180
55,167
35,19
117,54
29,120
166,182
190,57
177,83
196,106
179,121
147,84
127,90
145,29
136,98
63,163
46,105
165,159
119,16
49,194
197,122
52,50
81,113
44,191
128,45
169,7
195,198
150,1
59,171
13,95
51,132
80,62
75,38
114,141
121,0
21,158
47,24
165,49
105,138
63,1
126,108
79,186
47,154
169,110
68,59
83,101
191,19
84,99
81,195
88,65
94,143
116,75
137,187
21,94
68,56
120,98
59,173
42,116
199,55
71,39
86,189
17,31
167,157
21,84
45,174
104,107
149,119
50,138
94,9
101,26
96,146
175,181
53,73
9,164
175,153
186,76
43,27
162,110
143,91
31,27
140,137
156,105
125,68
123,84
140,54
111,180
138,96
49,24
124,86
184,167
186,2
108,65
30,157
143,51
91,19
115,65
147,4
149,160
175,17
131,39
128,89
86,79
157,56
45,118
93,186
77,28
142,168
176,154
124,119
99,182
154,185
139,0
73,170
189,129
105,42
76,79
10,113
199,136
78,35
59,109
39,71
76,148
57,1
42,94
145,88
135,33
189,66
103,133
40,141
91,69
112,24
0,101
100,99
67,193
83,16
15,31
52,143
0,133
41,148
108,128
18,18
181,193
113,199
9,26
154,122
188,58
109,12
36,198
156,90
154,120
175,154
181,190
121,93
63,146
95,72
32,119
86,33
128,197
86,130
45,175
57,73
72,56
114,55
12,26
27,83
82,9
36,194
21,187
71,47
77,65
43,132
7,137
86,175
98,20
136,18
37,25
35,97
171,188
141,158
144,13
44,112
197,51
125,155
41,5
147,15
86,108
8,124
126,22
168,191
80,33
70,146
110,199
156,167
181,151
94,19
140,65
168,191
79,46
46,79
77,65
95,166
156,164
138,37
100,167
64,175
159,157
135,16
19,173
135,177
138,105
86,108
62,186
98,186
158,139
65,119
158,139
151,166
57,6
167,169
179,129
13,186
23,76
42,197
24,136
159,81
7,54
9,169
196,131
181,12
161,19
136,72
38,167
147,77
199,94
23,28
28,84
77,53
129,48
67,189
80,26
69,134
56,9
99,144
187,68
190,155
169,44
85,110
62,142
56,20
175,156
49,129
104,175
182,84
123,8
154,0
45,96
149,28
89,152
113,92
30,66
88,174
132,193
17,140
198,156
167,93
19,83
123,68
62,111
74,49
102,171
59,37
186,78
181,3
78,11
125,58
20,47
27,84
135,36
173,127
85,141
28,115
78,64
109,160
7,71
147,98
92,87
171,100
22,131
185,136
28,91
24,131
75,74
99,54
103,21
15,159
66,149
126,22
1,196
56,9
5,117
196,97
171,91
62,83
153,73
126,68
93,192
39,5
16,134
12,60
116,76
135,151
154,125
88,192
38,115
172,30
73,99
57,191
81,157
58,71
30,131
195,93
175,117
103,49
100,31
141,23
135,27
54,168
101,152
109,62
8,199
123,1
199,47
88,185
127,22
33,134
192,173
66,48
19,172
144,49
132,10
132,40
66,145
87,147
193,70
21,13
26,153
158,131
102,76
126,73
80,35
51,126
8,38
51,65
171,41
183,93
178,125
147,66
15,11
126,43
23,154
22,6
137,17
122,130
90,43
188,94
193,33
62,78
134,54
55,121
190,38
153,89
89,37
42,130
155,25
19,90
122,194
67,93
35,14
7,42
19,190
133,30
119,104
146,33
133,85
144,197
166,141
167,48
85,163
101,77
76,45
155,101
154,154
21,35
113,59
49,18
81,60
43,54
112,199
25,145
183,92
23,79
100,109
149,176
83,24
45,118
67,170
30,62
82,179
135,129
86,100
145,132
96,39
86,172
119,185
31,169
172,150
105,44
125,104
20,185
118,98
77,29
49,51
172,158
161,193
160,11
166,177
38,81
69,51
17,123
182,176
46,59
119,139
43,140
70,60
96,9
163,173
53,182
55,198
72,92
71,144
163,20
55,90
134,160
15,51
103,42
21,196
199,166
139,82
78,80
171,134
173,195
184,107
82,76
37,178
23,145
16,24
169,40
113,20
194,185
15,34
190,24
109,125
93,100
132,22
152,132
38,186
173,18
81,125
24,187
64,179
88,124
123,64
93,27
4,8
194,76
86,191
32,160
122,98
82,186
111,32
182,130
31,138
29,61
83,170
171,68
185,170
53,157
180,172
166,40
53,80
149,22
134,104
165,189
124,184
50,120
46,47
161,121
155,130
176,74
12,121
9,113
15,23
96,3
23,129
24,147
111,4
35,87
50,36
10,95
131,184
1,100
145,57
192,130
181,102
180,158
131,76
189,168
183,94
123,5
164,92
169,116
95,73
155,112
33,101
59,91
56,121
3,172
23,99
168,79
76,17
158,69
194,124
119,188
179,63
88,173
183,61
137,31
109,70
191,26
13,37
34,183
136,42
69,78
167,73
57,72
193,51
30,115
187,89
121,197
92,2
3,156
134,46
71,120
10,197
49,85
181,38
112,28
6,23
168,134
26,109
178,100
170,102
102,129
39,72
148,132
71,92
89,162
114,123
104,60
31,26
119,96
67,73
186,187
87,21
86,93
53,21
171,68
73,116
145,142
116,23
119,198
123,120
154,120
21,153
145,160
33,7
16,109
167,17
192,74
96,118
106,17
176,94
172,60
54,5
169,127
147,43
3,187
89,82
183,71
69,82
113,131
174,147
29,19
40,128
197,130
45,15
134,37
41,167
38,28
161,10
124,101
80,113
135,137
159,43
190,46
16,164
193,175
27,158
39,1
26,34
144,118
98,12
151,122
90,2
154,162
113,145
187,168
80,186
114,26
33,68
155,87
110,87
54,64
30,50
64,194
156,48
124,1
165,76
97,114
102,194
13,92
81,162
12,163
175,144
129,37
8,101
104,197
138,107
14,87
52,3
146,47
84,79
35,147
177,191
159,141
190,0
114,84
99,158
139,37
146,54
83,115
28,6
149,158
75,182
100,18
163,191
115,144
80,199
185,90
91,40
95,192
195,198
79,55
92,107
11,161
164,75
90,0
4,116
14,143
10,60
168,56
25,45
97,164
189,6
191,132
154,113
140,91
73,81
91,17
155,37
75,43
106,165
154,1
170,72
28,100
60,10
189,145
57,97
50,53
57,128
113,46
51,146
108,0
113,100
15,161
81,173
181,55
67,24
73,183
195,178
119,90
110,138
187,166
56,32
187,75
2,128
93,111
129,129
190,167
48,108
193,143
195,20
37,180
173,107
86,104
4,23
70,149
59,195
79,42
87,19
175,105
83,143
66,48
128,12
28,128
174,180
129,54
85,39
70,167
182,12
2,156
45,173
84,131
16,116
78,23
186,107
155,177
69,82
13,132
36,1
186,136
37,30
12,86
22,30
81,171
31,32
191,106
80,179
171,154
158,185
6,115
20,92
88,136
146,181
199,196
123,130
32,153
150,63
183,4
77,169
147,19
57,186
51,28
190,123
73,126
129,187
126,183
184,44
122,63
110,14
167,3
112,11
2,103
115,160
68,9
105,186
75,28
62,194
31,191
11,157
13,126
137,57
149,58
148,10
166,81
33,58
17,5
100,13
26,45
30,85
101,164
11,129
172,33
119,37
73,196
39,4
191,36
137,135
195,2
139,121
81,177
181,116
185,54
175,144
56,1
171,15
94,126
62,0
119,156
27,153
123,141
41,103
131,88
98,5
188,172
71,102
130,52
86,52
49,47
83,87
46,32
86,77
148,89
151,93
109,34
188,154
118,176
144,107
66,122
96,12
186,32
52,128
174,178
115,161
2,192
152,112
169,139
29,137
193,104
139,93
142,171
77,182
73,58
98,54
142,85
189,6
120,26
156,190
77,129
30,38
137,122
172,183
127,185
51,31
136,190
9,41
39,138
154,87
114,104
30,100
39,144
97,139
125,192
112,169
64,97
112,70
3,144
30,170
189,55
183,102
160,107
47,21
103,14
5,40
182,191
97,11
78,22
14,152
159,7
94,156
158,197
48,15
175,136
105,31
110,99
33,12
175,170
111,141
152,110
170,189
94,58
85,81
85,5
143,38
6,148
110,147
161,162
16,20
168,22
22,9
172,164
169,103
116,34
45,49
113,193
174,91
34,10
80,23
83,199
96,12
117,158
149,132
86,62
104,156
89,62
152,172
144,44
123,120
44,155
98,28
99,66
51,15
162,77
62,147
34,90
104,32
149,57
122,165
112,27
26,154
105,146
6,84
24,119
162,188
29,190
20,187
30,16
93,130
31,180
157,54
128,106
177,22
175,6
34,70
179,116
175,114
37,28
60,75
38,190
29,182
59,161
51,23
175,190
39,97
6,33
79,161
42,123
23,197
14,35
91,191
91,101
89,107
33,83
104,31
49,83
133,50
165,181
78,116
45,78
95,164
70,71
165,28
143,96
42,29
155,181
23,29
18,145
109,151
156,2
152,178
186,86
126,19
80,194
72,163
125,173
195,151
92,27
100,106
172,62
171,18
126,0
140,97
39,81
22,64
141,90
9,26
92,166
60,137
116,4
32,152
66,184
8,143
139,27
187,65
54,55
141,100
17,164
7,17
98,66
87,109
47,39
125,63
167,89
166,15
172,125
131,176
191,145
24,13
130,126
66,49
20,158
53,177
101,57
137,156
120,87
33,21
97,179
73,33
91,39
33,62
73,76
41,111
39,8
105,4
43,199
2,162
75,164
170,169
13,54
27,75
73,160
146,29
145,48
71,90
183,189
38,119
6,118
111,194
41,148
66,71
119,82
120,44
80,10
4,123
191,108
184,83
131,40
102,78
143,112
25,139
164,148
24,109
193,146
97,71
141,158
76,167
102,119
120,97
119,73
7,64
187,25
164,15
136,65
41,154
65,23
60,113
145,58
176,22
63,186
43,32
91,150
120,12
157,18
93,148
41,137
64,111
43,9
66,148
126,55
171,87
93,167
167,48
106,22
191,101
135,188
84,46
140,2
173,37
124,116
192,21
119,64
57,119
66,44
161,95
100,175
69,108
138,183
171,17
11,186
126,116
125,15
158,165
57,138
168,111
71,84
0,30
187,54
35,184
103,58
143,143
124,108
176,157
78,72
134,28
125,175
5,36
152,43
104,160
130,144
17,19
80,171
175,46
82,12
5,120
43,120
199,174
51,108
110,123
73,155
97,62
37,141
129,193
133,105
82,54
129,27
77,53
87,35
152,128
32,138
93,73
113,79
197,182
93,46
148,39
72,143
117,89
39,167
158,118
108,58
66,88
107,97
195,91
31,161
49,25
86,3
166,150
170,38
106,80
177,196
53,29
1,131
95,59
63,5
78,196
46,57
17,199
149,138
11,48
127,18
193,140
94,6
53,153
146,134
64,60
101,137
174,27
48,101
199,99
136,70
120,40
195,98
4,24
146,41
45,106
109,52
193,168
123,0
101,79
140,84
42,114
87,111
164,176
117,145
24,138
36,110
163,60
195,108
81,140
116,80
169,34
100,97
3,66
1,123
98,86
137,0
122,121
13,131
198,192
28,102
170,176
157,53
20,121
72,154
21,35
2,23
14,32
5,190
169,99
53,168
117,189
94,26
118,9
198,124
72,20
53,17
17,192
1,194
13,179
195,93
82,65
128,74
115,29
178,49
76,111
178,154
102,65
90,7
188,65
103,4
12,9
179,121
146,60
177,195
74,192
47,144
27,89
42,75
196,182
82,52
104,155
194,73
9,171
175,122
141,50
159,43
137,66
138,104
160,43
94,65
34,165
80,161
34,142
175,28
100,171
186,120
53,75
167,33
83,63
177,62
181,71
104,153
67,75
154,55
67,34
96,138
31,27
185,171
119,106
196,104
187,28
112,199
136,38
189,147
62,45
83,168
2,81
103,82
93,142
111,65
90,53
146,89
113,91
21,199
88,70
96,129
180,35
44,75
168,33
191,174
63,164
47,64
172,43
139,12
167,170
64,56
5,98
189,140
119,48
154,54
91,115
131,141
92,72
156,127
126,84
28,64
69,177
159,72
7,33
65,54
56,134
184,36
85,56
169,26
102,83
95,114
120,83
50,40
117,28
174,59
160,123
4,1
23,174
29,103
43,20
155,98
136,164
38,191
52,136
186,103
158,7
35,183
151,33
154,128
181,192
154,39
97,45
52,106
144,128
41,11
30,158
169,174
93,90
28,35
113,164
54,43
38,170
176,0
76,54
122,36
6,125
184,33
190,192
175,109
92,9
119,72
181,96
21,178
52,198
184,22
193,31
114,127
68,127
97,104
125,177
86,25
189,58
59,56
89,109
113,36
77,190
171,86
1,52
97,88
29,113
183,136
108,48
170,14
90,129
178,47
96,174
112,166
50,94
49,146
33,53
139,169
153,162
0,155
187,171
68,42
151,10
58,60
150,17
66,12
197,51
184,29
24,54
54,17
141,40
30,164
134,120
39,83
127,179
188,115
188,45
133,145
156,51
11,130
76,139
196,117
112,13
12,189
98,10
185,127
137,41
141,127
196,119
12,139
52,199
149,155
103,90
68,169
153,69
134,193
9,102
156,151
115,112
98,82
187,89
114,77
155,105
130,182
77,26
189,101
3,152
186,45
120,102
76,111
192,141
35,10
69,152
29,157
168,14
130,78
125,43
41,10
143,165
61,16
47,188
197,33
130,42
23,0
122,115
103,3
25,99
163,141
187,147
122,13
180,103
117,110
181,123
54,45
16,67
138,133
78,97
41,142
56,81
10,63
150,138
19,19
146,16
116,123
50,51
119,112
87,71
0,169
114,61
36,91
5,122
160,117
82,155
6,98
63,89
60,148
143,42
108,122
157,183
51,173
66,92
75,0
124,152
157,146
76,188
145,188
164,125
4,0
71,56
177,23
144,40
31,186
76,174
59,171
73,19
87,21
46,132
140,52
15,175
92,58
87,191
14,39
119,60
52,121
1,125
76,23
104,124
90,62
100,65
114,25
23,73
169,67
116,115
86,183
53,29
4,66
188,149
110,165
58,17
102,196
148,179
192,26
33,163
27,151
111,130
52,113
9,166
191,75
176,110
128,20
166,153
78,199
156,7
22,37
11,1
152,74
33,35
144,113
142,9
29,93
99,56
35,119
168,134
67,53
94,146
93,122
110,42
156,91
24,149
82,57
148,198
124,177
77,18
134,137
88,193
112,139
137,92
139,170
126,164
113,146
92,187
145,196
106,89
175,18
58,155
179,88
24,86
71,140
142,23
25,42
7,199
94,163
27,182
154,125
145,50
57,154
45,182
155,76
53,174
35,48
82,94
20,99
189,160
194,96
156,177
120,125
136,95
117,175
159,25
90,107
70,155
16,38
52,120
46,115
164,28
136,121
127,98
58,63
108,97
186,160
31,38
182,142
118,25
140,120
89,125
187,0
177,192
31,39
95,44
105,97
145,32
69,29
25,183
15,110
125,145
30,26
19,85
48,77
174,5
94,182
27,155
42,186
127,130
24,67
95,174
150,99
88,3
113,197
40,42
20,80
152,26
29,45
176,157
96,192
165,156
182,53
75,86
180,63
132,164
122,91
73,99
192,139
178,110
129,167
127,15
194,103
98,174
156,122
27,128
9,129
26,97
115,37
195,130
117,87
151,134
15,141
179,118
157,176
139,112
3,92
66,128
89,129
76,149
93,176
61,199
14,126
87,156
69,175
184,55
195,3
189,135
81,100
20,159
75,168
96,25
147,26
6,103
179,11
137,190
158,129
140,137
59,0
77,75
65,39
191,52
174,137
132,47
162,26
138,196
146,180
152,94
161,63
55,92
92,2
60,153
130,172
120,191
198,125
170,169
112,72
122,111
152,32
68,193
53,111
133,89
166,162
185,185
198,135
14,118
177,44
8,78
104,11
182,52
28,96
171,67
27,189
141,29
184,181
86,118
174,61
112,171
195,14
40,110
176,22
111,10
150,30
13,131
61,191
108,23
147,90
61,130
181,191
142,193
116,167
125,72
177,119
99,16
103,55
119,86
128,137
23,46
5,103
53,174
108,38
193,107
179,196
188,138
194,131
98,99
42,108
151,143
4,29
148,169
199,87
156,105
82,133
187,194
134,189
162,107
190,90
165,11
60,174
181,115
44,156
41,80
139,32
144,123
150,188
175,130
39,175
85,178
107,100
76,115
130,135
19,93
188,160
87,199
122,20
15,155
53,99
173,86
126,18
104,50
37,125
108,16
19,27
107,55
11,187
15,190
110,94
44,109
76,107
139,23
173,147
106,82
69,173
143,104
51,163
132,58
188,84
63,116
153,136
4,153
10,148
172,39
73,131
102,144
174,140
53,106
193,183
95,12
133,23
193,64
177,101
109,45
17,16
74,78
149,147
51,142
112,183
94,94
107,47
43,54
186,108
102,91
155,171
121,12
138,93
136,101
44,116
48,44
78,33
60,90
88,173
152,165
165,94
12,134
26,52
159,48
140,167
146,22
189,85
135,163
13,58
118,77
19,101
194,187
121,68
196,128
3,194
105,187
118,74
118,22
40,103
188,20
199,42
101,95
130,21
166,133
48,26
191,106
18,175
185,108
20,120
54,189
17,82
103,43
125,27
29,145
149,6
79,149
173,188
101,113
98,132
179,40
104,2
37,112
147,195
1,166
59,136
144,16
195,11
131,88
187,123
25,115
186,102
137,57
53,147
66,187
153,27
119,112
11,114
132,187
180,80
60,93
43,124
41,53
64,52
14,68
29,25
150,58
162,145
196,100
89,28
112,184
10,154
17,162
53,58
160,4
163,99
90,44
125,117
138,54
67,119
33,86
36,166
7,100
126,104
179,139
132,128
185,92
66,147
54,18
90,196
63,96
118,100
86,106
7,91
98,188
159,147
33,103
139,21
65,121
73,5
123,49
45,197
120,103
13,27
31,129
45,68
129,101
3,185
39,188
100,12
69,193
173,123
122,30
167,1
120,149
60,65
57,24
39,179
167,116
137,161
180,198
104,89
163,84
16,196
8,9
2,115
108,171
126,12
38,1
33,4
92,167
195,103
191,147
2,108
198,6
106,174
88,49
26,62
50,105
194,116
81,157
19,89
9,181
82,135
76,107
16,102
146,102
68,126
44,72
90,65
37,156
199,191
1,185
115,113
195,14
125,100
81,130
1,152
103,46
126,114
178,65
141,98
26,13
142,13
45,195
178,168
102,180
95,73
168,165
149,129
71,137
186,42
15,68
89,91
184,2
2,87
30,37
188,42
63,87
93,97
158,40
136,118
65,170
103,189
167,64
16,165
22,8
50,38
68,162
111,136
40,194
22,7
125,181
117,55
151,84
126,21
48,3
34,2
103,7
195,182
195,20
56,176
66,183
50,194
193,88
105,6
66,45
78,92
24,54
70,46
131,123
182,93
50,139
153,173
94,77
33,67
15,102
8,34
65,94
70,188
10,140
31,87
160,120
160,73
8,121
176,34
83,149
13,182
81,32
70,114
96,134
35,83
63,55
116,91
142,95
43,73
187,2
48,70
21,83
110,25
107,87
168,75
192,138
158,10
179,88
103,163
76,61
103,0
64,71
147,94
121,172
150,105
115,137
24,177
110,46
195,77
163,136
9,65
60,129
2,70
174,21
72,197
173,40
176,95
62,181
66,152
136,77
171,189
146,75
10,7
91,138
138,51
69,41
98,145
26,2
37,144
117,140
47,9
173,87
86,75
162,30
168,124
139,157
42,182
103,111
62,171
188,123
122,90
199,5
85,105
170,189
121,160
7,158
77,28
185,176
132,23
52,34
32,82
164,55
5,160
81,154
106,165
3,109
89,151
155,99
57,165
191,26
142,153
118,176
88,117
51,68
32,95
188,194
140,132
40,145
16,189
44,161
35,145
168,168
182,157
73,50
10,176
130,55
44,17
68,192
165,65
39,32
184,159
175,11
27,10
120,10
38,94
67,0
111,151
127,29
45,4
18,13
109,2
23,135
165,58
55,35
198,2
77,148
132,3
23,127
84,20
145,93
196,185
155,187
63,171
198,82
146,75
89,109
44,188
24,166
109,77
113,84
183,160
69,67
56,59
109,79
122,111
6,199
125,103
33,49
107,6
133,126
26,112
84,34
132,185
138,154
99,95
188,5
78,152
76,151
33,56
183,6
63,137
15,162
33,105
88,155
153,87
112,159
54,86
184,194
30,174
99,122
156,2
27,159
156,21
142,100
31,52
10,128
190,175
143,170
104,185
78,185
104,178
29,11
180,15
161,197
69,21
5,3
40,54
101,143
29,107
160,8
158,80
91,104
175,173
132,93
180,135
115,43
82,93
145,199
185,135
50,121
193,140
42,145
115,87
182,49
163,5
104,77
49,72
29,187
82,127
112,54
104,182
91,61
71,86
23,173
85,179
51,5
85,136
181,42
83,158
100,71
61,184
1,150
154,112
152,37
195,140
171,113
53,53
194,145
99,92
47,151
192,130
48,84
111,13
141,64
10,0
125,131
86,164
150,64
177,160
94,7
89,83
110,179
55,65
152,196
119,146
77,54
67,155
87,148
55,3
98,88
190,179
36,67
159,88
164,105
29,16
160,1
125,132
50,69
101,63
192,165
65,121
180,177
187,168
28,189
27,129
26,160
114,183
166,103
23,115
198,179
84,139
95,140
124,146
0,196
76,119
25,183
141,183
162,40
137,74
82,170
101,53
104,2
27,67
199,128
59,89
182,130
77,7
29,148
90,97
23,77
99,77
41,42
149,121
56,6
17,171
24,21
81,89
175,78
42,92
3,164
180,103
151,99
164,19
32,110
101,51
106,129
33,143
38,4
23,50
139,9
64,102
71,0
65,79
43,129
95,34
135,158
196,23
63,149
109,32
118,90
26,9
117,123
162,111
25,173
100,57
65,72
67,111
10,147
76,139
73,73
44,24
149,74
94,190
3,191
139,195
197,6
86,173
123,75
133,183
161,89
20,199
124,156
64,10
39,45
149,23
66,173
15,95
128,169
19,20
69,14
60,119
197,27
103,53
80,161
91,35
198,181
168,34
198,8
195,99
122,105
108,162
20,111
100,119
149,119
195,175
144,94
118,131
73,109
34,153
178,126
45,10
3,21
90,34
197,30
112,163
195,196
173,156
182,39
101,195
61,28
0,57
199,15
98,49
77,43
56,133
48,131
66,73
22,129
192,47
31,51
190,195
115,91
32,175
25,78
139,184
88,176
33,148
135,37
55,58
24,71
196,109
0,100
69,92
130,105
94,145
57,23
199,76
12,189
99,30
176,45
82,69
11,83
161,85
56,38
57,73
85,186
198,87
92,155
118,65
54,188
26,186
123,61
43,21
49,160
121,52
89,19
89,97
197,9
153,39
83,168
15,43
170,82
140,70
68,55
192,146
156,176
19,165
195,32
28,161
43,185
186,28
14,117
119,62
119,189
123,94
67,22
145,183
137,170
29,100
192,56
183,1
198,72
9,67
43,185
120,88
81,102
44,176
143,117
160,189
158,122
27,3
82,152
130,173
68,189
93,65
100,28
23,53
91,146
187,154
134,11
78,105
151,160
74,168
150,192
55,50
85,104
114,53
28,138
87,179
194,86
188,198
39,46
145,126
30,87
170,45
95,71
23,120
18,144
180,17
73,180
198,96
113,178
142,98
140,28
27,179
183,0
101,33
47,64
96,40
26,149
161,13
43,184
183,157
112,54
117,165
20,166
88,4
78,80
6,102
173,142
54,34
72,88
143,105
127,135
93,22
101,29
22,50
66,3
49,126
94,18
114,183
153,124
117,1
121,179
105,83
45,129
184,8
79,88
186,192
174,141
177,40
132,82
57,41
71,20
90,170
145,11
94,53
74,19
175,100
189,23
103,178
51,90
180,176
194,66
90,13
147,52
57,76
182,101
105,56
158,19
25,86
50,82
9,166
91,87
108,190
71,185
147,88
115,117
145,102
20,198
17,104
198,76
39,115
99,109
91,98
174,187
140,142
19,84
119,124
77,180
142,100
89,61
169,50
122,110
90,103
33,113
66,111
84,175
93,145
27,18
171,8
118,134
81,93
91,102
192,194
151,48
167,84
128,22
170,108
134,156
68,98
155,159
115,158
108,74
110,104
162,29
125,175
68,184
103,43
43,110
9,143
149,13
184,113
198,73
3,60
198,17
174,168
147,66
133,165
91,39
197,115
78,44
22,84
120,103
185,34
118,79
35,153
50,84
95,109
112,188
148,113
127,119
79,8
140,128
17,44
32,152
97,42
79,56
88,121
105,62
160,54
53,40
149,171
116,141
114,32
179,42
122,21
60,15
127,156
83,119
15,73
175,149
151,123
133,122
28,71
81,87
180,164
44,39
59,28
117,187
65,169
86,135
122,50
33,37
11,11
107,47
145,97
178,149
37,88
24,186
5,11
175,177
114,195
98,192
58,137
132,82
24,82
196,113
114,6
17,36
169,130
93,187
51,190
4,59
30,5
94,27
47,119
72,138
84,31
194,162
104,42
4,166
112,83
184,126
90,125
198,180
146,138
141,47
179,26
74,67
51,138
45,3
105,52
181,49
50,114
125,144
58,101
43,190
157,139
199,136
167,23
138,18
2,179
142,83
155,186
158,166
111,79
12,189
40,47
128,94
132,39
193,168
141,110
22,29
36,141
98,46
130,126
49,32
58,188
70,99
72,191
68,192
102,90
173,125
45,47
160,197
180,159
133,0
108,20
33,43
191,60
82,104
85,93
106,74
153,106
136,90
165,15
68,23
194,123
142,94
26,83
190,192
74,174
131,1
94,189
25,164
55,0
3,146
195,111
88,16
22,18
150,4
6,0
103,191
9,106
37,152
159,114
43,14
154,41
31,17
140,72
22,80
14,131
120,8
35,154
133,157
179,173
180,112
87,35
102,190
130,47
1,34
90,104
90,121
8,47
11,46
174,128
122,168
63,14
7,169
176,12
38,84
129,155
92,191
81,134
44,192
128,127
131,179
148,192
158,196
136,143
100,144
64,146
15,51
135,94
72,55
183,145
91,186
179,136
34,96
180,166
47,119
59,167
173,134
14,113
55,62
194,122
46,95
168,51
46,94
6,195
36,80
69,174
140,58
21,105
1,112
127,40
49,193
3,34
175,90
110,112
56,17
44,172
23,24
89,124
131,85
91,180
76,11
125,0
26,31
148,1
196,154
14,74
128,169
17,16
196,78
75,167
23,38
18,51
194,136
42,23
171,74
167,82
49,90
65,157
90,35
6,8
27,106
127,119
140,89
103,3
176,158
171,102
187,59
27,59
38,96
72,62
195,54
38,143
167,9
153,145
91,132
48,180
14,133
135,107
2,165
166,36
21,91
3,35
58,74
195,9
18,110
108,141
158,123
95,59
22,20
194,123
125,49
35,81
65,40
138,3
159,156
132,24
0,127
54,175
195,101
134,180
48,159
180,37
183,179
45,79
2,191
142,174
57,36
113,194
160,68
195,48
177,122
135,149
70,133
189,156
33,72
5,103
84,144
108,50
173,108
17,121
60,32
6,3
129,153
62,41
126,187
18,143
45,150
169,5
23,3
136,85
185,38
171,59
57,146
43,32
0,59
198,154
98,123
120,83
69,68
139,46
132,16
178,14
35,93
108,55
39,102
98,103
146,161
34,171
63,183
5,44
80,43
37,173
188,110
153,78
179,89
157,5
55,147
81,20
59,23
131,63
130,163
175,176
40,144
195,199
61,34
29,158
120,83
182,155
194,114
29,71
16,141
188,193
179,134
46,184
48,175
195,162
117,46
178,55
58,73
45,165
177,71
177,66
139,178
167,30
107,178
158,161
53,127
55,176
94,88
137,32
105,16
152,135
86,145
16,35
191,195
87,131
86,112
142,164
148,119
192,190
147,173
181,13
94,22
126,184
108,74
6,137
65,164
163,158
116,33
155,3
136,74
35,97
13,113
46,177
167,174
134,152
62,13
87,123
164,116
25,5
100,6
120,190
20,32
175,17
180,80
180,126
86,162
186,113
60,66
104,93
102,188
194,33
99,143
63,180
149,47
6,155
121,131
130,136
160,186
172,84
35,188
143,28
38,160
81,76
17,67
83,88
141,7
87,86
71,152
66,77
29,49
109,121
162,36
141,49
82,33
196,114
20,192
83,93
185,152
139,110
116,35
154,164
195,121
181,123
110,14
55,183
122,168
155,154
187,2
33,17
53,155
8,168
76,84
199,154
153,132
73,36
141,38
144,103
9,120
87,29
29,171
147,133
193,179
30,135
48,179
28,19
50,32
27,147
18,196
91,129
158,137
127,62
14,159
151,181
62,161
199,97
1,90
142,5
63,178
37,133
171,73
100,99
187,153
133,193
161,146
123,107
152,184
133,82
136,178
88,91
114,148
125,24
107,22
99,141
114,7
5,197
9,11
26,159
149,0
155,27
43,6
26,172
105,161
114,28
164,46
143,110
174,158
99,29
38,105
118,182
177,187
66,170
124,174
167,126
58,22
8,73
6,128
133,109
97,155
154,73
75,109
15,183
108,158
68,31
130,20
81,181
70,70
73,145
94,109
55,103
67,83
100,35
187,29
47,69
60,184
48,70
4,94
159,97
39,15
46,109
122,150
30,96
183,174
15,91
41,90
51,185
13,124
134,161
98,169
164,161
14,105
8,48
144,30
12,126
169,8
173,29
118,91
75,39
26,60
163,77
195,14
180,175
111,186
195,125
68,196
68,108
161,196
27,85
19,59
112,188
71,130
20,62
74,64
135,30
156,38
35,14
199,110
16,84
29,16
153,139
105,63
141,40
45,22
171,116
152,2
178,47
92,113
197,80
113,116
87,84
99,156
106,78
90,91
75,159
53,10
130,87
122,47
181,64
40,76
59,145
168,62
93,29
111,8
78,137
159,181
36,86
126,192
159,80
199,196
139,153
63,164
197,72
188,124
123,183
30,54
104,107
186,171
178,93
45,93
128,190
192,41
160,129
130,64
85,87
47,181
37,164
175,83
196,117
54,30
150,133
151,194
12,117
38,104
181,20
40,99
59,152
178,24
143,56
31,74
57,81
33,135
28,21
48,44
178,165
90,126
124,142
0,75
75,192
130,89
128,160
111,85
51,144
6,55
35,11
55,156
165,55
137,147
149,135
117,163
158,105
96,87
80,106
124,118
186,136
46,73
129,12
119,163
117,183
128,192
3,19
121,7
167,148
147,72
135,94
116,162
82,77
43,0
178,25
181,16
157,146
91,33
70,183
62,130
175,50
24,22
9,192
91,30
23,26
26,172
186,121
46,50
162,29
110,167
40,77
24,102
33,170
5,179
104,19
30,183
9,164
57,103
106,12
120,147
31,142
113,32
140,158
71,118
10,121
4,15
126,102
179,178
88,44
185,145
112,197
1,145
72,62
95,119
55,105
3,25
171,193
136,32
131,67
160,37
139,144
1,113
187,109
154,66
40,154
83,52
104,66
104,55
44,59
179,120
14,145
168,29
65,112
140,57
30,161
82,150
124,56
196,75
72,18
25,62
143,19
10,188
1,81
79,71
158,114
87,196
181,32
150,0
47,57
45,10
154,92
42,103
58,97
70,101
39,106
52,146
29,90
104,156
72,56
23,11
177,186
197,40
189,9
48,103
136,140
53,153
166,154
154,128
53,66
125,85
30,185
30,93
96,139
133,13
107,117
91,18
104,119
74,107
182,171
136,119
176,134
29,82
51,189
67,41
162,33
160,8
42,16
43,88
182,47
123,175
162,183
46,181
55,63
93,42
182,36
162,19
197,87
116,102
181,3
174,113
147,19
30,101
54,85
182,29
43,168
192,132
189,6
42,194
138,143
166,75
153,21
122,0
26,140
170,176
89,176
75,184
97,1
177,5
84,7
173,37
75,147
192,106
64,148
99,137
63,81
86,194
112,92
128,109
106,159
138,85
49,109
168,88
166,44
198,58
120,62
47,162
18,39
188,64
191,172
143,145
141,139
49,67
162,46
36,75
8,18
136,114
169,120
132,67
75,44
66,52
130,5
138,108
126,39
91,19
80,58
73,78
152,168
24,165
107,25
78,23
196,124
55,148
99,161
122,64
176,44
34,80
77,51
194,188
24,65
33,70
128,182
190,75
176,149
4,156
73,142
1,104
81,58
56,126
184,125
124,108
90,38
184,129
147,50
90,30
125,13
196,35
85,154
116,5
9,104
110,168
114,116
193,153
133,40
65,0
16,12
62,61
111,199
118,45
199,71
117,76
196,180
76,160
11,133
102,114
138,26
60,164
138,74
67,38
131,144
73,94
56,170
152,3
48,11
62,150
71,182
154,109
69,129
124,7
100,128
12,159
170,69
191,12
167,130
164,141
43,178
2,14
138,8
26,40
171,134
62,117
93,3
165,52
37,10
39,42
180,56
7,109
80,83
6,101
86,138
197,86
0,132
16,199
49,173
74,126
191,176
190,44
170,10
178,5
135,133
50,135
182,186
76,142
108,126
68,33
77,101
55,15
18,18
9,8
44,42
72,108
168,139
50,112
128,80
22,92
26,172
9,134
15,176
100,122
126,197
63,167
56,17
119,60
76,146
32,85
33,177
186,158
25,37
162,53
157,135
123,4
115,12
81,71
2,81
131,143
96,30
79,138
145,136
67,169
86,169
44,33
98,83
109,48
59,79
94,73
94,186
62,120
86,193
92,135
58,53
138,58
39,150
12,66
12,136
36,58
114,114
67,64
146,153
67,181
140,180
52,86
100,56
149,150
73,115
114,94
37,194
181,154
142,71
126,93
2,56
51,42
110,133
116,31
51,1
47,191
141,49
100,159
71,108
161,35
20,18
96,90
189,188
133,55
172,97
16,28
34,45
32,42
9,176
127,25
0,76
58,87
168,185
9,44
175,171
183,123
198,170
130,137
118,120
21,20
43,176
149,199
140,115
158,193
70,186
21,65
153,48
23,21
133,79
81,119
78,148
165,100
47,59
155,41
142,134
103,54
106,177
51,4
74,173
52,20
188,19
151,16
3,16
119,8
197,111
153,136
91,19
86,171
95,44
98,13
21,26
6,18
63,162
9,166
29,47
75,158
174,123
189,132
9,85
157,46
158,48
155,110
42,67
9,109
42,115
58,125
51,6
149,160
89,16
182,159
162,151
88,10
9,107
93,44
156,12
11,104
51,100
116,183
99,144
64,43
90,140
154,83
142,196
110,38
48,42
49,144
174,56
157,69
182,169
85,24
62,110
21,142
11,172
151,9
159,130
80,97
113,43
174,60
75,174
125,6
76,184
97,95
72,166
128,141
106,100
170,139
29,114
96,101
92,123
169,5
126,21
111,93
91,108
68,22
41,54
43,2
142,70
59,93
113,58
59,103
187,19
196,59
135,168
195,67
174,65
106,119
155,104
40,197
74,167
64,162
151,105
64,190
101,117
169,194
75,71
116,35
157,168
189,126
193,46
130,66
92,192
180,70
50,182
29,58
15,39
70,4
111,53
160,13
71,170
7,126
102,169
128,90
150,39
187,64
182,147
159,137
109,14
185,145
159,48
112,191
15,0
68,80
168,113
114,6
160,167
114,130
25,88
48,108
123,50
113,135
41,28
199,139
144,8
13,63
167,77
181,67
147,189
27,79
167,190
28,144
96,1
174,136
101,123
190,82
149,63
126,128
109,154
97,125
191,84
165,2
28,139
167,53
83,25
62,183
23,183
40,75
26,175
43,176
199,76
128,121
54,170
101,77
78,120
160,4
67,83
171,198
101,105
90,143
112,111
88,168
100,188
60,94
112,146
87,94
59,12
153,117
112,190
125,52
121,192
189,98
53,183
126,171
120,15
153,92
154,73
49,7
105,51
144,51
104,98
18,35
45,77
142,4
93,167
110,7
185,114
119,166
138,74
103,12
66,107
154,84
150,50
145,17
89,146
83,189
131,27
40,84
159,70
120,101
139,134
141,102
29,82
57,111
10,46
19,192
22,106
194,56
100,169
179,112
21,135
110,186
60,6
35,29
40,67
137,197
194,22
0,35
82,65
42,6
192,123
80,49
155,86
184,96
164,109
144,82
145,7
70,141
110,141
55,61
182,56
177,133
38,34
173,177
152,88
92,139
158,198
188,190
157,163
134,140
87,137
34,1
9,173
195,45
88,145
106,33
101,59
68,191
136,187
140,3
55,161
30,131
182,94
77,106
82,123
116,151
130,118
69,91
197,168
171,29
149,15
147,161
195,56
59,130
131,0
81,192
135,198
102,51
35,121
145,47
65,7
49,188
185,75
147,11
47,64
68,12
180,198
4,69
50,3
100,193
15,138
192,155
146,41
19,4
142,53
150,53
131,170
6,63
170,20
131,104
159,140
190,55
87,146
119,77
141,67
192,136
33,64
119,71
35,42
60,136
8,74
67,140
181,189
88,33
160,5
38,89
112,79
15,22
129,10
88,177
186,37
161,171
60,168
149,142
185,78
23,170
126,161
163,169
112,82
15,110
128,97
41,31
21,115
20,39
85,50
134,54
128,177
107,123
37,106
22,197
187,194
55,100
141,145
177,47
58,153
4,182
22,154
55,92
84,51
10,113
12,65
30,83
38,25
79,78
97,170
163,139
19,96
81,198
65,159
127,46
103,18
24,151
15,65
195,67
172,159
71,156
69,118
184,12
103,25
60,83
80,70
46,8
1,112
96,195
95,82
162,108
161,22
192,92
110,80
6,34
165,187
116,108
94,164
3,1
84,30
55,32
169,110
101,198
72,149
97,72
89,48
69,9
195,142
67,71
43,148
9,93
77,130
63,63
135,154
111,15
69,20
60,182
47,181
78,49
131,124
65,6
84,149
96,121
58,69
139,130
161,197
123,78
0,143
148,80
137,33
195,79
63,191
51,170
9,77
155,67
115,12
153,52
126,191
94,166
78,50
195,135
32,38
125,143
179,122
63,10
178,197
16,51
81,126
37,91
136,18
179,143
13,21
153,19
16,90
98,148
142,25
70,31
53,148
18,69
101,100
23,4
49,159
44,173
185,180
114,13
190,38
183,21
167,176
197,71
86,88
125,79
76,185
155,88
46,129
46,181
181,103
56,30
0,116
43,66
6,140
79,4
165,53
10,151
167,21
194,189
0,128
30,95
14,110
5,1
141,27
60,109
128,176
0,147
57,73
129,64
193,113
41,47
196,59
70,172
117,170
0,63
19,58
182,169
77,72
21,11
86,155
93,137
47,96
59,70
17,10
28,142
148,178
117,78
156,109
196,144
107,87
67,90
127,108
7,61
143,186
155,14
118,113
146,126
190,189
160,187
117,41
134,78
15,36
129,183
51,125
151,83
54,128
23,88
105,36
193,150
141,159
175,113
69,60
62,43
150,53
93,25
149,150
128,112
66,126
60,88
153,144
139,73
74,10
138,24
151,173
52,24
14,87
191,188
61,34
138,47
183,110
11,134
197,194
125,96
98,97
139,146
71,95
134,154
142,175
160,180
81,91
87,167
118,39
194,54
165,117
184,166
150,36
54,148
109,42
0,94
162,33
110,147
192,47
156,89
61,70
92,103
21,31
2,190
68,155
99,124
87,16
53,40
166,12
184,49
147,149
134,39
8,5
100,186
125,12
45,167
184,181
34,126
29,36
36,74
71,45
155,95
139,115
88,12
113,65
75,132
126,186
127,111
196,30
49,153
151,123
151,77
73,88
138,37
122,114
21,152
146,179
5,54
5,196
178,101
21,178
159,166
198,84
22,142
120,149
80,168
9,98
79,172
52,197
104,23
12,59
71,101
182,12
100,153
41,158
187,193
176,80
191,53
101,129
86,144
126,169
84,111
44,54
46,0
7,75
158,160
5,15
88,102
109,181
78,88
27,94
13,118
69,193
106,176
199,176
101,190
135,108
84,131
83,192
60,7
193,143
55,171
146,6
106,90
131,37
61,191
38,120
7,103
135,71
172,10
175,171
3,147
88,89
116,121
103,166
41,29
17,93
61,33
78,91
65,1
142,178
117,101
138,98
31,145
14,33
127,34
183,192
163,1
47,173
183,90
197,123
198,3
116,46
46,109
20,109
30,51
170,165
118,18
14,35
60,105
66,164
42,121
175,28
118,13
66,154
132,125
101,65
156,120
110,24
146,140
167,120
67,189
166,53
199,12
48,169
8,67
130,87
46,181
82,180
89,70
11,142
18,112
77,80
111,34
151,178
135,112
5,61
81,60
155,150
111,79
83,129
184,90
185,124
154,18
60,130
0,70
102,77
137,191
4,48
32,20
83,159
81,19
60,69
15,13
167,29
19,12
117,70
19,58
71,149
63,8
193,138
14,47
195,21
24,137
20,196
14,199
69,178
129,146
118,141
54,23
86,56
159,149
58,39
110,139
186,198
181,28
145,96
7,94
82,139
107,130
3,24
95,139
84,159
186,67
129,167
10,162
137,108
115,59
1,157
41,81
30,30
176,67
102,119
112,70
53,91
100,146
89,68
100,161
62,123
64,184
61,198
176,162
105,96
40,26
78,69
197,77
101,93
162,32
103,77
169,179
46,73
42,75
14,76
187,118
158,192
140,73
3,192
19,188
140,29
151,184
178,181
67,74
46,13
141,187
55,57
56,33
36,3
0,119
42,109
33,14
18,175
196,184
22,12
156,155
172,43
137,64
134,195
176,184
143,2
64,181
127,143
11,82
51,87
150,184
88,118
99,199
28,50
192,120
17,121
100,102
56,44
109,107
160,170
144,51
134,144
60,77
119,85
157,0
91,41
66,50
111,150
127,186
87,174
114,18
32,42
132,52
103,104
178,37
171,152
110,24
56,8
114,81
94,173
37,70
27,86
27,12
17,160
5,188
26,189
12,43
119,66
108,4
59,196
68,84
169,131
57,130
21,10
173,131
36,80
129,177
174,56
171,189
0,0
113,68
112,123
178,89
174,138
170,108
104,17
74,17
170,35
42,102
23,75
0,5
188,156
87,29
142,94
165,72
151,160
153,181
98,133
33,130
25,165
138,74
62,190
58,18
82,161
62,71
51,174
191,130
176,180
61,82
95,166
109,62
99,134
166,56
40,147
33,168
116,41
78,124
95,110
162,164
163,67
177,161
55,79
170,131
80,179
78,99
134,24
134,46
36,152
138,77
45,55
83,41
103,24
123,160
156,112
71,168
153,136
35,33
168,143
21,183
133,90
168,68
4,76
28,52
80,177
49,127
55,116
38,54
89,89
68,174
173,132
37,167
135,36
104,153
54,122
34,100
175,136
62,189
72,190
122,56
197,96
196,83
119,29
75,164
56,16
6,97
196,52
127,144
158,0
106,144
73,161
2,178
32,58
25,28
156,174
14,139
128,86
50,129
88,114
150,49
169,163
128,141
190,46
156,99
187,178
122,44
144,24
159,2
160,74
37,187
84,75
45,71
49,178
26,21
32,93
48,55
72,140
1,199
34,153
120,92
40,78
171,76
90,162
101,93
126,143
87,18
122,107
47,126
129,42
19,130
143,65
25,18
193,45
166,22
170,168
56,195
8,194
130,102
64,167
65,189
29,25
188,134
113,9
58,150
41,95
139,119
153,128
185,151
42,72
63,30
196,2
47,40
8,181
124,5
186,180
161,64
123,196
96,43
65,98
49,1
191,9
185,100
14,142
189,87
130,23
2,12
148,27
4,22
139,87
178,68
69,19
122,174
37,26
155,150
58,133
190,87
16,5
78,155
115,55
81,72
171,75
74,43
36,127
29,144
22,153
42,11
93,163
193,110
188,54
113,192
82,41
168,138
128,161
88,146
162,128
89,104
22,27
45,115
163,138
65,155
116,80
198,182
0,79
43,107
24,62
18,115
27,68
51,136
71,4
157,142
142,193
57,187
189,21
105,107
22,124
8,168
58,75
15,133
110,142
39,165
2,89
80,152
20,138
109,18
65,125
152,3
11,133
173,32
142,21
32,52
177,53
180,113
81,19
38,77
66,44
108,171
124,183
192,180
46,77
49,32
155,54
143,63
9,9
48,180
82,24
192,139
93,198
100,183
41,148
135,42
12,27
98,161
156,179
137,41
189,1
49,1
76,106
63,49
8,74
15,75
82,137
111,156
32,150
174,11
96,43
86,49
114,1
55,88
159,18
17,106
128,46
176,147
132,178
130,159
1,54
174,158
54,11
114,65
9,150
83,52
23,28
73,12
77,175
6,181
10,83
198,79
64,120
58,113
116,81
65,33
135,70
128,181
69,190
136,157
55,61
153,105
181,174
177,138
64,25
56,137
124,85
46,21
136,120
185,156
177,192
194,43
93,137
156,63
158,162
107,165
21,126
31,185
22,67
62,63
121,36
76,104
32,82
91,80
139,56
180,14
97,44
167,115
45,11
123,55
149,43
195,113
70,21
27,18
62,197
5,15
197,154
178,129
172,74
112,42
122,36
172,44
30,40
197,171
50,170
24,72
10,17
129,190
101,172
175,159
193,162
42,39
89,97
95,110
29,74
179,57
186,3
176,198
156,187
176,67
67,133
144,192
46,124
41,61
112,87
133,56
45,23
40,49
99,191
139,32
84,153
188,84
61,45
164,33
128,140
7,175
130,172
96,40
144,32
43,69
168,42
32,16
146,151
105,152
11,93
175,23
194,65
166,177
95,0
42,9
16,13
18,39
106,74
103,31
197,14
45,193
49,138
42,199
56,134
92,115
185,76
55,125
133,36
25,178
181,66
65,170
158,63
69,108
159,87
37,18
125,16
123,60
4,147
45,157
70,152
156,53
15,67
58,59
13,171
17,95
37,137
110,94
18,39
61,76
179,106
191,5
82,122
18,120
98,63
191,49
80,25
31,184
118,114
41,23
22,9
47,48
29,8
149,155
188,177
94,56
110,155
142,109
44,179
198,83
176,35
188,84
12,181
172,23
192,22
100,193
44,155
183,99
97,50
155,181
150,64
143,54
147,113
167,65
35,23
123,67
81,168
73,42
140,97
67,183
111,57
136,109
183,59
60,77
56,103
115,17
144,184
113,36
95,74
105,176
146,190
151,142
162,104
142,134
60,135
186,47
22,90
70,177
184,35
178,86
82,192
141,97
104,117
166,128
179,57
50,113
43,66
37,117
47,78
103,130
169,94
108,148
1,190
34,84
46,14
102,13
18,69
4,187
98,6
31,167
6,90
173,92
53,81
189,193
188,104
153,101
21,189
165,113
119,152
145,109
52,77
132,171
83,69
33,74
18,130
92,42
109,49
122,187
69,37
84,123
7,155
1,155
128,51
65,146
27,115
189,29
26,93
98,48
5,26
89,197
155,148
199,169
19,150
183,36
137,148
51,150
30,100
1,139
46,147
194,196
87,178
85,143
167,151
114,43
68,153
188,156
182,31
49,71
33,21
46,195
129,32
101,88
101,172
161,54
177,104
55,64
100,75
175,90
131,161
48,56
147,132
84,157
0,179
102,57
95,33
165,114
58,124
0,116
131,51
179,102
27,102
65,150
151,71
80,190
161,78
14,75
142,147
174,153
124,83
7,115
114,31
14,177
83,38
90,119
191,98
189,112
158,5
173,30
92,165
49,131
85,73
113,44
161,57
131,127
99,77
1,121
19,108
25,145
171,7
42,0
82,105
117,38
6,156
115,157
93,52
146,20
122,191
180,86
94,114
142,36
158,69
161,13
44,106
81,41
118,95
112,93
52,66
38,23
2,19
101,0
31,97
97,4
121,13
104,105
54,170
129,14
138,161
49,135
28,48
47,14
33,59
129,157
181,196
41,20
58,89
197,128
24,114
161,166
19,182
41,190
135,49
18,146
20,3
7,75
143,111
32,68
138,33
78,165
142,81
117,35
116,99
24,172
16,98
138,24
112,11
170,184
112,112
59,140
108,83
18,13
176,101
58,125
146,193
165,17
111,174
116,189
167,55
163,195
67,111
20,66
36,6
168,179
10,24
93,36
36,197
24,90
175,180
196,124
61,146
113,122
58,158
96,176
161,86
179,111
194,84
1,184
133,100
139,181
16,33
70,180
114,1
172,64
125,10
19,195
32,194
60,179
63,108
139,0
152,84
75,121
84,168
60,135
145,142
176,74
197,9
89,34
185,199
2,53
192,4
30,31
179,161
15,189
8,52
6,58
159,196
109,21
11,1
129,72
70,68
0,183
126,191
87,119
97,9
81,169
84,82
184,1
46,125
40,83
83,51
42,49
35,78
39,131
164,156
191,188
87,167
128,148
91,70
139,55
67,95
169,55
198,139
125,52
25,123
99,129
70,27
21,114
17,122
130,156
75,8
2,176
140,105
164,199
23,179
23,32
93,141
180,42
82,32
151,142
173,134
110,99
108,115
5,83
147,26
18,47
165,172
155,109
83,134
69,101
186,27
113,160
175,104
142,17
155,63
86,72
56,183
61,147
35,96
45,128
3,179
159,51
48,13
57,128
59,179
141,138
65,29
165,137
27,102
68,51
79,13
66,154
189,84
128,169
7,141
69,24
119,122
75,61
143,156
157,184
110,83
126,116
61,26
45,158
158,154
63,146
150,7
57,75
145,134
102,45
161,178
39,61
138,48
30,56
90,58
109,197
81,136
66,138
79,4
186,90
144,67
190,179
132,149
70,132
189,110
57,164
58,167
120,145
126,30
131,77
131,51
73,168
174,25
153,194
20,124
151,81
53,130
102,71
59,168
184,144
108,4
125,57
47,55
178,72
170,0
146,141
86,46
45,184
119,163
132,147
87,17
102,67
141,194
187,70
117,30
176,121
88,67
167,121
54,52
159,31
40,34
96,48
165,157
78,196
114,69
58,5
8,178
195,69
111,13
159,163
48,51
0,8
110,38
99,143
70,184
4,35
36,99
1,132
125,82
179,122
60,173
143,13
150,21
0,12
92,65
39,106
36,107
107,195
181,96
118,88
42,145
68,78
71,88
7,126
2,34
91,11
61,166
132,2
161,78
44,122
90,95
110,126
101,168
54,69
90,87
89,87
65,147
142,117
156,192
113,51
76,62
180,13
38,82
118,44
79,117
40,20
32,140
99,122
44,22
126,169
158,59
107,100
148,58
156,156
140,58
194,180
76,36
47,63
15,0
127,87
71,97
69,25
48,120
22,197
152,154
56,9
148,161
23,55
156,9
53,108
23,92
129,135
112,115
153,156
52,69
85,147
22,100
139,113
30,78
38,69
179,161
34,185
197,165
135,79
99,111
187,183
109,198
165,140
3,0
187,134
86,5
66,0
9,190
152,160
13,56
187,20
158,40
74,177
60,103
54,36
164,106
158,129
72,97
109,180
115,163
23,96
94,66
40,125
87,58
173,93
16,103
24,60
141,159
174,4
54,0
120,181
90,128
171,115
187,92
117,57
195,60
149,63
173,88
132,58
24,19
116,46
137,42
106,60
42,48
189,189
83,31
172,132
158,148
188,105
145,169
11,30
67,78
71,106
94,90
151,63
86,78
172,126
140,12
61,152
61,44
199,98
56,140
25,85
163,24
65,92
123,41
168,4
81,32
147,132
21,26
198,145
128,15
97,110
115,143
51,112
45,150
193,81
171,113
80,62
85,5
123,46
134,17
135,57
0,132
103,103
170,59
88,74
82,37
62,80
17,191
102,36
102,194
128,43
109,67
64,163
199,45
70,109
61,166
105,194
183,119
36,11
42,86
185,34
167,102
144,163
91,106
11,170
99,114
75,80
186,194
32,182
153,14
102,19
85,140
137,104
156,179
84,131
27,50
122,98
164,80
56,103
20,3
177,70
124,166
128,130
107,156
53,188
93,124
40,29
132,33
98,198
7,127
96,161
7,26
4,101
153,155
136,174
20,0
34,156
125,62
105,14
49,123
10,107
28,102
152,50
3,33
72,95
140,126
171,172
142,18
48,83
161,0
180,45
131,199
150,57
1,55
100,171
113,113
56,138
151,116
132,121
98,11
165,163
51,115
77,117
110,165
68,96
179,173
75,77
143,98
116,173
133,75
100,141
57,182
173,112
29,113
0,153
138,112
150,168
127,18
130,183
133,63
184,123
144,133
80,20
103,162
119,38
116,128
34,27
175,199
47,43
92,181
39,63
0,35
176,54
128,12
76,179
128,145
0,83
106,110
89,47
164,41
62,160
160,178
146,82
12,31
116,184
85,19
163,71
47,166
140,88
81,150
145,67
11,91
170,96
14,75
30,41
38,21
45,38
11,139
13,79
25,59
7,76
5,40
188,125
87,157
117,143
18,130
0,85
7,147
181,90
162,152
7,128
151,58
75,147
32,104
40,107
168,20
81,85
77,137
147,116
65,197
52,177
43,143
107,163
76,175
145,56
197,37
64,147
6,193
55,129
126,119
79,38
192,60
115,97
4,76
129,106
43,2
102,58
51,172
14,43
18,189
156,128
92,85
8,44
120,184
108,107
131,125
15,54
172,27
52,154
115,66
75,112
187,48
6,97
10,68
176,21
33,45
14,49
155,112
144,46
61,44
127,95
40,35
189,72
3,135
27,171
62,135
19,58
94,166
198,44
44,149
102,115
152,162
73,180
164,197
140,99
134,33
129,70
57,69
193,133
184,103
18,8
118,13
194,20
175,131
52,116
112,83
159,41
169,89
187,88
62,97
83,96
112,8
73,112
179,57
82,51
121,7
49,103
169,5
12,44
136,46
121,75
7,48
137,180
16,136
128,68
21,157
134,106
41,112
115,191
16,113
136,57
147,110
146,48
154,163
20,68
65,34
119,167
13,50
94,130
14,94
134,153
163,50
199,192
174,62
132,142
103,70
169,32
25,153
149,29
175,169
188,99
9,66
182,105
168,24
125,85
138,157
127,132
175,80
115,1
11,74
194,150
159,193
149,0
41,65
158,13
59,152
24,109
145,35
136,90
188,128
72,180
114,81
81,111
136,172
192,150
115,47
21,144
46,147
158,53
179,25
179,154
0,183
7,90
46,72
153,20
49,174
129,162
71,41
111,108
29,11
57,135
4,130
76,108
158,86
97,6
11,54
22,55
129,185
80,130
196,93
165,54
178,19
94,95
111,2
87,144
161,6
195,76
68,145
195,76
132,43
181,173
74,121
117,119
151,62
160,196
115,69
18,87
2,194
126,31
86,72
157,171
152,121
131,83
138,103
115,106
4,194
12,23
83,154
121,81
7,150
88,5
136,100
199,116
108,75
149,18
195,42
79,4
17,20
179,194
118,128
95,35
115,66
147,137
25,130
133,125
19,7
116,86
56,189
81,190
141,4
69,164
66,54
95,16
156,109
144,81
31,91
32,186
196,118
96,111
150,122
11,181
16,24
103,60
20,0
68,17
150,137
40,80
63,23
140,51
176,2
50,146
35,15
126,124
102,40
137,195
44,97
142,161
23,148
95,126
71,80
61,49
147,45
185,189
169,3
125,63
193,139
9,64
6,25
196,164
21,194
185,131
13,134
35,127
85,113
172,42
63,59
141,140
176,125
89,87
70,89
24,153
17,138
138,196
173,38
46,136
110,30
107,198
190,143
13,17
28,5
3,136
61,104
182,102
139,197
24,85
111,86
160,156
15,107
85,117
32,34
91,45
181,20
61,199
11,108
195,13
171,147
12,161
110,0
21,133
49,159
168,26
66,14
163,168
49,108
168,98
112,16
134,78
41,133
81,64
15,102
34,172
9,64
162,66
57,169
38,87
169,72
85,14
66,190
28,30
159,187
78,143
131,8
194,194
148,53
30,175
192,149
24,143
162,57
12,146
51,159
149,4
130,141
196,10
154,10
108,43
156,46
32,92
68,49
54,198
37,169
198,84
94,129
24,110
69,121
70,77
39,176
197,102
150,10
149,109
51,171
142,175
79,173
67,153
173,199
86,161
181,94
88,184
62,130
14,83
2,134
128,159
128,160
193,108
128,165
72,159
10,66
181,39
168,141
45,198
69,96
49,56
20,8
161,120
111,127
93,105
139,107
8,198
85,130
18,190
3,89
147,78
175,132
80,65
113,138
13,67
49,57
108,46
199,3
109,145
185,28
72,191
69,50
99,103
161,64
154,61
57,26
57,6
154,71
99,111
148,173
194,26
54,192
159,15
131,67
85,135
173,62
77,198
155,47
163,16
195,196
115,65
107,187
65,47
3,67
25,11
89,104
151,108
44,166
8,135
136,109
1,11
173,114
74,156
153,9
43,140
0,185
131,197
154,177
68,103
188,174
125,92
15,45
163,42
100,132
37,6
130,145
73,71
51,10
143,86
133,124
34,128
101,168
87,49
28,3
18,72
88,98
121,107
73,12
179,106
161,109
1,167
144,173
91,189
136,77
127,83
25,21
78,119
62,12
47,186
125,156
24,113
54,182
44,113
38,174
17,28
102,189
123,28
111,48
86,131
84,97
189,195
177,164
197,15
174,2
117,154
169,196
95,29
87,120
44,144
167,48
126,163
116,172
140,165
104,127
169,90
73,154
65,0
128,37
94,66
85,107
191,183
163,24
36,45
42,130
6,130
134,169
129,45
76,94
168,193
32,85
112,198
107,193
92,73
11,180
184,79
178,87
30,16
105,41
12,7
150,28
69,55
100,6
49,129
161,113
36,166
73,186
94,197
53,98
123,140
96,196
142,1
128,45
60,106
169,113
10,149
98,161
40,75
166,170
170,69
156,27
71,194
161,112
193,52
167,103
92,121
180,64
124,191
17,39
34,34
31,78
36,39
12,6
187,35
78,26
110,160
28,197
166,158
167,125
102,70
178,128
81,152
157,160
80,36
71,60
122,136
42,126
105,108
67,162
81,81
64,159
102,48
13,27
158,130
150,151
195,48
15,167
144,18
135,62
121,164
177,67
151,104
117,87
129,144
159,71
105,193
156,67
188,88
173,88
23,198
124,114
140,18
75,48
109,43
65,66
8,198
124,82
143,160
29,172
80,85
176,187
52,114
112,54
124,92
190,70
156,110
145,198
98,81
155,151
31,42
65,37
23,57
190,88
46,73
172,111
60,69
110,16
106,190
83,61
154,159
127,27
56,109
40,117
37,15
131,180
35,109
167,198
136,21
20,96
66,37
150,132
24,4
122,116
117,109
13,29
70,147
65,85
32,101
188,151
161,66
87,107
48,177
15,155
146,5
41,195
15,89
72,48
179,15
101,91
31,27
41,44
57,183
183,35
141,19
27,186
69,38
30,5
23,128
119,142
168,57
21,114
197,138
169,176
193,13
32,64
115,55
37,185
96,76
47,10
14,59
29,64
48,171
173,21
168,133
112,47
55,172
198,64
51,71
23,177
125,29
77,137
174,131
23,32
17,33
161,99
87,130
35,160
91,189
14,61
149,28
118,112
138,36
162,187
23,175
52,78
31,88
61,35
116,86
34,95
107,135
18,186
181,153
165,118
8,31
198,51
168,106
158,33
92,117
46,53
28,6
180,34
79,159
25,65
182,37
162,103
86,167
58,162
83,174
42,1
39,41
87,55
137,147
188,182
101,25
48,60
68,14
100,73
24,0
109,138
153,111
164,142
9,42
125,79
12,5
19,8
173,112
140,93
154,35
96,103
180,153
110,198
67,28
155,60
196,114
146,30
194,41
160,187
137,114
176,13
14,149
52,161
12,112
22,7
138,98
164,78
10,22
160,116
192,198
96,75
60,37
84,184
148,67
157,53
165,95
126,190
15,173
117,58
79,180
100,28
106,197
47,50
170,168
77,71
192,58
32,137
33,190
104,194
154,22
77,187
158,133
1,85
147,168
27,162
190,77
44,88
131,30
61,28
72,192
146,114
63,59
112,145
107,152
30,114
7,123
67,196
75,161
24,125
189,14
5,132
98,94
121,61
39,80
46,24
148,4
162,155
84,126
42,39
2,193
172,132
57,149
187,3
184,6
55,10
179,187
11,29
195,144
185,93
61,170
25,130
128,24
60,127
48,130
2,185
5,1
27,111
4,73
11,100
147,89
178,92
115,171
4,199
125,55
73,5
194,152
145,66
44,20
4,183
193,113
13,115
91,123
125,53
53,92
171,161
163,161
14,165
79,75
30,136
96,151
139,109
90,192
64,59
175,23
171,70
64,108
102,186
71,187
197,19
198,135
53,59
120,114
14,148
128,34
187,22
186,122
149,130
89,162
53,165
136,30
107,117
17,181
43,102
135,57
40,110
23,75
163,66
97,52
12,77
183,114
187,154
102,20
120,135
51,11
34,116
127,165
113,93
161,26
69,176
118,170
28,124
166,23
117,174
2,65
174,193
54,62
121,13
37,107
174,10
116,121
39,172
98,90
128,7
83,103
73,38
177,89
172,82
147,110
48,44
57,56
22,113
143,174
199,24
131,157
157,70
108,32
80,165
68,2
29,77
5,15
12,119
115,50
126,137
34,75
134,114
5,158
94,7
191,160
137,30
73,100
75,79
81,185
162,23
19,126
18,8
28,32
189,109
92,99
181,140
172,33
195,106
183,138
173,181
105,25
90,189
184,92
41,30
150,129
146,137
86,105
112,54
43,157
81,70
47,29
189,28
67,174
55,44
108,8
103,49
134,32
103,3
30,3
161,110
143,118
156,139
23,104
6,165
146,75
96,101
26,99
148,109
116,66
199,137
64,150
182,150
87,170
129,75
131,160
89,28
161,198
66,67
81,37
97,79
39,187
146,129
87,40
109,59
138,148
54,159
111,86
117,182
82,167
142,107
109,34
178,147
10,150
133,7
39,33
188,193
170,158
70,31
180,80
30,118
18,147
48,115
153,114
130,43
85,83
42,185
44,118
141,55
25,166
32,10
77,39
82,132
44,16
47,125
159,108
49,50
196,148
41,124
26,141
88,92
192,104
115,9
130,109
162,185
104,190
123,181
30,3
134,45
44,19
0,183
108,115
87,30
106,177
111,87
42,96
61,3
182,21
58,118
119,74
12,92
135,169
171,153
79,91
118,187
108,102
128,113
190,195
158,126
81,80
143,43
193,25
101,10
8,195
141,18
103,24
56,63
91,18
53,175
23,167
18,75
58,38
165,61
9,0
183,187
91,23
46,133
54,51
181,48
163,11
13,192
91,35
33,93
68,61
178,71
59,123
133,197
106,151
112,156
79,119
89,175
31,134
94,46
113,12
64,118
185,1
72,86
129,115
62,165
87,97
128,113
26,21
115,46
120,92
102,123
42,176
93,45
67,179
155,130
150,121
165,24
161,9
20,16
26,17
190,84
15,8
39,85
70,125
143,196
89,104
164,158
11,108
102,143
14,101
104,50
72,187
131,142
47,11
4,162
149,29
155,52
134,7
133,183
93,167
114,74
123,115
47,195
35,192
144,175
153,154
161,188
43,138
3,96
65,53
68,146
88,164
25,186
126,63
19,38
17,27
169,76
12,121
92,97
22,86
67,87
142,43
117,137
76,197
31,144
77,179
103,161
108,120
197,71
173,56
15,32
2,148
104,113
66,74
36,128
39,61
186,170
109,111
147,143
167,36
124,108
149,36
137,87
44,144
75,103
9,104
120,198
13,99
140,188
87,27
1,14
69,199
157,60
140,23
121,116
135,129
117,194
165,191
56,175
170,26
93,153
175,188
9,35
182,7
156,112
80,116
182,191
120,123
60,50
8,96
66,157
135,134
152,6
158,119
9,187
59,107
159,136
153,23
79,14
48,162
80,129
28,191
193,110
73,83
86,62
81,155
53,84
152,139
47,161
180,115
122,74
52,84
121,167
152,159
125,71
66,90
141,84
195,35
74,145
51,5
101,175
195,135
109,22
162,53
142,131
110,132
20,107
170,3
112,95
141,183
14,60
92,170
25,55
137,103
105,198
198,38
35,10
172,110
14,60
56,68
4,113
17,128
115,197
154,104
62,53
14,183
124,170
106,176
103,159
177,186
11,66
199,82
63,95
109,164
9,178
54,98
177,42
39,74
43,15
58,125
180,89
31,7
19,197
2,19
4,198
54,34
38,195
136,143
190,87
26,27
160,194
79,152
74,155
23,39
126,161
177,116
16,60
182,122
115,117
40,8
58,46
118,156
132,153
32,102
156,108
8,143
197,116
38,72
162,125
52,144
160,7
147,193
142,93
57,137
25,87
42,171
15,11
136,144
127,109
44,181
36,173
2,31
88,193
136,81
70,29
162,101
186,24
78,182
155,151
110,72
23,101
40,70
74,118
124,150
63,7
195,84
28,37
94,113
118,169
110,43
62,20
178,108
59,188
173,48
141,48
141,118
175,24
21,7
30,40
93,79
145,198
59,159
1,40
129,19
50,70
95,134
84,193
25,4
110,194
166,146
172,14
104,98
68,185
107,172
187,7
58,59
36,198
53,116
35,68
158,79
118,67
171,64
144,92
117,155
7,67
110,83
149,132
122,44
167,149
53,40
106,152
11,152
132,143
43,63
151,186
61,107
139,107
126,158
53,81
3,56
151,190
156,26
184,189
117,94
19,17
144,187
130,18
164,119
19,100
46,115
116,85
19,68
157,62
70,190
119,135
126,45
35,139
20,136
47,172
100,110
77,178
23,152
194,184
94,191
153,175
43,111
70,3
116,131
99,3
184,193
183,197
88,143
151,185
153,175
192,29
156,186
44,92
1,88
49,182
144,67
89,159
127,24
42,88
138,180
196,25
180,152
58,165
174,59
129,42
160,182
166,75
174,130
9,73
43,170
183,10
101,189
135,126
20,178
83,63
3,191
123,160
47,60
195,87
132,91
123,25
67,143
33,9
157,64
104,157
198,150
134,49
136,41
59,135
2,102
105,131
115,33
58,19
155,161
146,23
97,19
44,29
73,51
75,160
113,140
97,111
191,134
182,71
10,175
194,7
84,86
76,159
131,142
196,92
197,120
18,143
124,83
97,129
132,124
73,143
41,13
160,187
156,135
115,102
147,18
46,11
30,105
105,38
193,199
171,5
163,69
2,84
171,179
195,173
178,16
107,105
124,129
5,75
122,136
44,199
159,134
166,131
122,139
18,145
139,22
34,55
105,61
90,85
168,189
109,68
195,182
194,167
67,139
124,168
92,0
113,97
5,54
97,183
39,38
190,168
161,194
177,169
178,137
151,87
25,51
50,154
132,17
7,162
55,188
18,62
143,174
92,159
121,0
182,119
15,167
9,93
162,83
26,177
29,117
153,48
107,161
63,163
63,142
148,8
78,54
138,101
17,140
110,146
25,28
109,43
112,144
151,85
1,184
45,174
189,27
129,135
73,56
156,23
92,164
32,173
138,182
122,160
154,62
12,60
138,172
99,186
91,149
83,78
130,51
116,29
58,43
123,122
10,91
94,25
147,133
104,19
38,55
86,20
76,6
193,4
49,126
164,182
22,63
74,51
119,5
16,135
139,58
173,194
88,154
81,5
123,117
104,153
46,150
173,101
13,139
118,39
3,31
195,88
9,30
20,13
103,11
12,110
57,14
134,101
19,154
3,107
84,153
81,160
165,46
178,121
144,7
72,191
68,162
110,156
4,85
184,72
142,100
155,123
16,159
67,48
9,80
101,94
48,154
64,1
70,177
153,155
27,176
106,137
138,126
70,5
154,48
112,133
193,123
85,73
88,79
164,141
167,29
171,180
88,146
14,104
15,11
190,108
38,153
43,4
198,115
143,46
162,66
90,192
137,63
33,124
171,166
148,181
133,110
178,111
143,121
12,27
0,17
133,97
170,128
157,47
79,165
173,44
197,26
13,96
10,181
21,174
17,131
87,44
165,4
196,66
18,3
174,139
189,152
70,50
27,188
163,161
36,76
5,2
173,154
156,148
12,62
0,19
187,68
89,127
71,89
73,59
192,53
138,190
144,78
31,191
20,71
38,7
155,77
84,64
187,115
150,184
156,117
26,52
9,48
156,112
173,38
41,175
60,64
154,154
80,78
181,125
147,134
118,187
153,106
126,0
1,167
80,163
157,169
24,86
110,183
116,9
117,53
164,172
162,190
107,21
155,17
108,166
16,167
160,156
133,30
77,36
101,27
19,137
148,15
141,138
26,114
129,48
198,159
158,49
96,141
177,104
140,194
131,147
175,108
190,108
28,177
117,91
103,128
172,0
163,151
65,166
171,196
169,84
17,47
53,93
26,190
127,11
9,84
79,75
32,9
165,28
35,106
147,188
181,41
50,73
163,180
28,12
191,46
166,188
0,89
188,62
22,64
41,118
47,174
105,176
154,117
195,62
90,199
117,124
17,153
92,194
93,122
13,53
157,175
106,42
141,43
159,10
18,139
127,171
129,199
137,85
108,151
182,110
126,31
30,53
11,77
65,149
49,48
44,48
152,170
134,134
104,83
80,128
38,35
18,118
167,32
199,116
108,175
54,104
135,167
52,21
85,142
108,92
27,94
156,148
118,9
145,119
152,32
64,127
112,40
52,192
43,39
195,112
175,78
48,8
67,7
188,149
171,145
11,166
83,120
82,34
191,167
145,110
106,43
135,79
21,179
92,167
180,23
2,167
118,44
10,36
98,130
72,24
52,193
110,125
29,60
46,1
155,31
161,97
130,74
6,183
195,173
150,61
82,77
148,142
22,143
53,160
22,85
140,150
195,32
77,134
52,57
27,102
8,186
54,115
121,133
180,47
169,80
125,11
143,132
3,76
22,38
147,166
80,13
34,102
195,187
129,50
148,3
121,13
126,167
170,114
18,134
196,71
190,143
33,39
86,149
157,112
38,87
181,110
168,61
180,15
39,102
46,36
8,164
19,109
88,45
52,172
4,149
59,26
126,111
149,116
191,87
44,153
50,138
194,116
199,143
94,98
111,41
121,128
69,190
23,198
85,111
156,61
33,68
91,65
191,65
119,42
184,130
175,108
162,118
48,148
68,40
48,142
157,118
83,21
36,137
126,188
29,196
4,99
127,0
122,9
10,169
103,180
140,67
7,138
152,150
192,165
94,77
165,61
111,164
137,50
184,26
62,184
172,13
48,85
10,105
109,75
137,179
194,177
155,94
83,8
74,23
26,64
124,124
140,99
114,24
194,80
152,135
57,198
45,72
60,180
30,111
104,54
104,13
199,116
62,73
130,30
27,75
67,156
185,117
119,139
178,179
168,147
45,168
119,7
105,118
29,27
92,9
71,181
173,8
18,169
39,142
196,167
168,87
162,132
141,110
159,107
10,29
8,168
86,94
95,41
127,84
95,148
132,40
17,22
6,66
186,173
132,70
119,120
100,188
134,128
49,141
197,169
158,169
181,12
156,113
89,10
8,179
50,126
38,182
44,82
159,85
119,134
143,19
33,199
112,51
163,67
178,115
152,33
7,49
97,53
156,87
53,22
64,186
193,76
162,155
14,45
199,95
132,119
143,181
45,199
32,21
143,71
39,138
188,135
187,61
151,118
78,25
148,192
0,121
75,24
78,147
71,6
50,84
121,138
88,117
80,98
165,7
84,196
68,61
166,124
83,23
84,104
57,64
18,149
8,99
115,9
58,48
92,46
73,166
118,112
148,44
52,31
191,5
145,165
95,51
78,198
22,53
93,182
174,148
177,160
25,127
81,95
118,112
173,199
119,148
82,198
131,120
60,128
149,180
112,38
15,148
161,121
179,44
97,72
157,186
110,38
182,2
11,124
81,27
184,6
184,194
107,19
144,57
96,199
123,72
151,5
175,24
163,35
29,28
133,55
23,109
122,109
158,192
66,96
38,124
61,48
189,94
100,6
81,139
134,153
112,46
15,199
163,161
111,58
67,138
14,178
59,93
10,193
56,171
194,46
73,152
194,95
144,84
106,135
73,16
29,194
49,174
164,110
78,83
13,12
148,3
164,158
152,84
170,87
33,132
125,54
165,43
187,190
173,188
167,149
124,2
161,2
133,125
173,196
66,65
56,32
149,146
111,164
1,85
132,90
168,199
62,79
199,192
42,152
1,141
196,38
193,90
111,126
127,103
9,183
108,111
36,99
29,182
69,52
89,30
37,170
141,163
172,0
35,77
89,180
141,132
82,199
71,56
8,124
185,184
13,108
151,84
107,73
35,145
69,199
99,155
63,115
27,115
179,88
154,154
176,193
139,9
34,173
94,15
42,183
189,156
182,3
61,41
25,55
43,158
129,116
56,131
165,175
123,89
181,139
76,94
80,120
69,27
117,92
22,40
119,8
169,137
1,121
67,112
140,131
60,18
27,184
23,125
178,17
84,80
193,193
79,101
153,69
43,6
87,33
38,155
15,129
17,129
141,70
22,76
199,104
122,85
138,87
46,104
75,158
192,196
189,101
120,52
97,17
100,22
91,74
138,48
2,56
34,75
12,177
133,193
80,35
34,119
193,86
199,65
165,163
37,110
137,99
119,44
19,119
101,89
25,35
171,138
110,21
32,5
173,103
71,158
168,121
4,146
81,38
105,64
91,67
2,127
92,91
168,157
41,136
181,137
40,158
75,37
60,3
168,100
125,87
90,91
122,78
161,116
55,164
182,138
136,118
68,192
127,171
30,71
124,89
128,19
49,104
16,47
41,53
155,95
45,16
109,2
123,22
133,196
8,136
91,6
117,152
74,121
197,192
27,83
94,85
171,123
154,115
178,153
109,108
177,34
110,178
167,113
120,32
73,140
97,121
57,132
179,133
4,42
85,188
145,43
3,62
41,37
9,154
156,114
8,15
60,154
135,184
57,58
52,16
140,55
56,156
68,151
174,40
78,90
112,96
45,40
123,87
53,129
50,176
55,80
68,198
78,30
3,156
146,133
122,141
47,95
99,134
96,139
184,28
35,25
68,55
84,83
178,138
14,90
43,164
154,118
106,22
159,32
44,151
66,66
78,157
132,72
8,78
81,137
102,171
111,139
104,162
18,180
12,79
139,115
92,36
112,160
84,142
109,87
128,109
23,12
193,9
142,98
90,69
59,87
23,90
158,172
50,124
17,195
65,58
142,109
165,185
12,117
130,73
33,164
174,197
150,190
129,93
192,160
6,30
110,161
68,183
186,1
187,132
67,12
134,31
156,76
53,31
181,73
178,69
10,193
92,181
187,57
116,82
118,25
133,148
93,173
65,111
46,78
178,109
180,48
172,155
177,199
172,62
164,182
37,192
149,47
129,115
104,5
167,57
79,103
139,1
185,16
18,46
113,92
54,0
120,197
142,90
121,71
193,189
110,184
111,156
70,136
180,37
86,79
65,112
108,85
76,160
140,57
173,198
29,35
136,103
145,121
142,153
131,170
197,124
126,13
47,55
18,97
42,115
183,191
116,73
83,9
61,165
182,128
64,140
79,48
15,68
88,179
50,22
82,20
195,30
181,147
60,180
2,121
162,64
26,130
51,31
52,87
17,11
118,113
176,5
124,65
179,44
14,155
8,19
166,0
174,65
126,160
159,120
173,70
9,40
2,59
32,122
119,11
59,125
19,91
140,121
72,21
56,142
118,142
0,160
105,53
110,137
102,82
104,151
152,46
55,186
26,188
64,40
103,194
126,151
101,143
177,99
87,134
18,23
41,188
11,2
199,145
132,29
168,112
10,122
42,92
56,11
32,175
11,102
162,119
169,88
193,198
14,155
90,5
42,72
116,6
159,161
1,38
112,171
4,74
160,149
96,119
158,25
38,160
176,101
3,194
122,40
75,55
15,124
99,29
76,74
165,103
151,91
116,44
161,108
95,159
152,93
187,166
139,38
194,49
127,47
164,72
13,14
189,52
194,188
172,178
183,16
31,11
111,64
177,123
196,122
91,105
79,167
29,141
109,18
173,184
26,105
194,91
82,39
85,88
138,182
187,99
158,3
125,53
5,173
45,172
140,42
61,111
192,84
89,9
158,131
44,183
86,172
66,31
49,0
9,84
100,64
169,93
14,14
26,157
56,11
195,115
94,198
185,74
59,17
174,85
107,70
160,42
79,68
93,163
198,63
79,188
123,197
130,160
194,106
108,52
103,158
19,71
60,15
146,113
50,37
113,195
141,186
168,73
111,185
188,44
13,109
154,67
43,21
9,35
67,84
171,56
156,182
2,56
77,160
71,8
148,70
190,164
81,135
135,86
9,2
32,158
54,138
123,125
133,86
108,140
93,137
51,196
18,117
123,149
137,5
158,90
52,94
121,105
168,64
125,44
184,72
128,112
72,159
149,187
177,124
36,195
110,163
62,75
50,81
187,75
169,36
100,29
39,117
10,176
117,95
126,135
69,82
1,187
24,114
144,122
156,155
127,83
28,3
182,175
93,157
199,70
144,153
84,67
40,86
168,6
2,69
142,189
127,10
55,17
101,115
38,194
83,186
180,115
185,89
102,104
31,196
82,172
72,91
62,7
98,79
37,68
46,157
78,27
157,112
171,78
78,60
192,158
102,183
118,59
118,108
9,9
127,12
122,153
64,86
15,179
58,189
47,71
28,90
127,4
71,131
147,13
92,9
159,181
189,74
3,40
120,157
96,105
145,27
106,111
181,18
163,197
7,127
152,74
144,104
87,96
21,62
90,87
111,60
122,191
83,178
58,29
122,25
199,54
61,193
27,120
131,21
83,102
84,19
147,178
104,106
45,144
81,41
173,189
100,114
24,106
58,151
34,83
93,9
126,66
138,77
121,113
138,43
59,126
192,71
108,83
56,189
125,62
19,117
141,79
23,23
44,27
37,74
114,104
187,162
40,123
89,8
58,173
24,94
198,64
28,12
165,66
140,12
108,113
114,144
149,103
80,177
125,121
131,15
135,128
167,196
3,92
114,145
81,7
31,71
137,30
54,131
185,11
108,134
152,132
188,92
179,78
79,188
109,62
116,148
110,198
1,151
162,114
158,174
142,54
194,128
186,136
144,48
84,24
12,41
113,149
62,192
29,65
142,61
87,27
148,11
190,193
19,73
177,36
84,84
74,157
57,145
145,131
65,25
181,66
3,179
53,74
13,87
113,187
91,57
126,154
171,55
120,41
39,14
160,101
191,154
93,103
123,80
109,170
67,99
60,108
173,60
114,4
189,40
182,167
195,39
91,126
58,177
115,79
50,138
169,137
60,83
13,77
40,130
106,150
25,160
103,133
83,154
59,5
150,45
9,156
182,119
22,76
29,176
129,13
184,189
68,108
26,116
59,103
83,4
100,2
16,132
62,119
126,38
182,34
76,35
87,131
109,119
9,194
130,71
117,97
91,110
156,160
1,151
98,12
132,38
43,114
170,89
0,68
3,48
21,180
75,66
99,178
180,48
12,49
25,196
143,25
114,69
73,5
27,121
31,197
193,115
110,133
113,21
106,175
117,158
129,164
177,112
131,112
110,47
153,68
93,116
30,63
45,118
13,152
175,0
27,50
148,46
64,101
135,113
19,60
40,115
121,140
13,19
145,177
197,71
56,66
119,66
189,155
57,66
6,44
55,26
191,95
158,152
169,81
142,46
39,131
198,82
23,101
149,182
65,160
161,10
109,13
45,5
158,92
168,180
4,49
151,99
5,30
94,72
48,4
166,149
184,157
97,114
10,106
11,13
31,59
76,134
93,87
130,58
86,31
6,6
100,8
107,43
63,120
83,188
39,107
38,129
131,95
121,148
127,10
44,9
20,6
144,34
139,43
82,25
180,137
110,146
146,133
109,147
31,4
65,88
88,25
131,145
78,96
45,175
105,37
80,58
66,49
194,187
139,153
145,185
36,93
74,48
190,35
186,152
158,157
23,194
82,85
82,45
134,139
123,61
168,118
139,161
91,74
8,26
68,86
167,13
188,91
87,46
106,172
42,189
25,40
87,26
67,13
112,171
102,75
85,89
166,108
75,28
57,51
195,94
37,165
51,32
184,80
106,34
174,181
132,29
62,82
25,78
175,73
2,77
108,192
78,125
82,192
110,67
130,146
32,151
22,24
187,23
178,99
165,44
180,8
109,68
134,66
155,111
88,186
119,143
45,192
158,80
118,23
52,20
85,174
130,97
99,112
193,178
87,21
94,45
15,65
104,148
189,170
137,14
2,183
9,117
182,188
45,190
59,104
164,74
19,107
188,104
104,157
81,0
79,187
132,116
69,111
156,171
53,0
92,5
72,173
76,58
49,2
6,143
98,128
176,162
1,21
24,86
79,4
39,111
132,0
93,126
151,52
81,158
104,112
61,144
181,52
196,18
60,23
125,172
121,52
62,50
34,191
118,40
149,76
40,195
85,106
152,129
118,145
36,7
163,123
22,106
41,81
126,194
34,156
145,63
174,40
163,81
36,91
78,66
21,78
65,4
193,163
5,78
156,18
33,59
168,0
184,91
27,19
12,122
194,121
191,108
148,102
139,159
196,147
61,80
90,108
173,5
158,51
139,33
129,4
175,113
183,36
6,100
28,17
52,97
99,1
41,65
64,75
199,32
99,120
3,168
146,122
133,13
134,74
102,67
173,98
188,164
192,183
73,100
80,185
160,137
26,111
107,60
169,32
92,169
197,165
163,107
119,1
136,174
126,47
103,90
57,50
128,167
175,102
116,68
194,2
79,84
16,122
164,11
99,75
1,122
196,37
97,90
20,84
104,34
147,148
197,159
60,193
66,92
92,5
7,162
18,192
180,164
41,66
38,43
112,88
25,68
15,144
171,165
27,181
150,191
151,133
55,7
56,26
186,19
62,142
65,12
64,114
79,150
182,85
7,152
162,127
130,145
189,97
114,152
164,164
68,18
113,57
24,114
148,111
178,153
75,70
148,111
40,102
101,18
172,127
56,174
111,117
130,89
144,30
53,35
17,186
4,116
131,5
11,117
57,160
55,3
163,142
192,111
37,6
9,18
31,32
75,88
46,59
96,76
51,22
38,2
43,87
129,174
133,181
20,55
74,121
128,153
132,103
185,106
58,189
86,91
37,132
25,177
127,129
82,51
59,194
122,132
124,101
150,30
60,128
198,91
60,36
90,4
97,175
173,150
155,173
160,23
31,195
105,146
186,144
112,159
50,53
21,0
182,122
56,129
83,173
76,17
145,52
164,4
97,123
69,26
151,196
154,94
115,151
145,185
90,7
143,34
126,92
38,95
89,132
44,74
15,83
140,11
123,14
134,190
9,108
88,118
12,3
66,4
12,78
45,137
180,145
161,78
176,55
178,58
103,132
105,158
153,143
0,153
22,16
183,116
139,104
197,115
43,190
74,128
80,182
40,37
147,26
116,0
188,25
82,74
187,66
137,155
22,199
53,183
23,137
197,10
159,70
18,34
32,105
137,44
141,115
157,89
158,170
89,67
63,163
105,101
11,127
22,129
102,121
194,141
36,159
97,34
71,170
132,39
67,39
27,146
111,21
89,174
192,173
120,28
33,169
12,52
135,182
35,169
27,68
68,153
100,72
63,16
75,81
72,168
175,10
180,22
8,0
131,31
15,26
29,169
120,32
152,92
86,151
152,165
22,84
188,99
157,33
138,71
63,179
94,142
95,30
95,167
148,196
150,173
9,90
115,118
61,192
118,149
85,199
25,35
115,106
189,156
52,7
159,145
33,113
106,86
74,6
52,48
2,182
43,89
198,128
149,20
56,156
25,121
157,121
67,25
98,44
185,167
93,195
79,99
22,2
167,1
37,8
87,118
22,194
131,104
42,155
134,187
183,78
78,10
130,87
47,97
51,116
136,57
37,22
160,170
33,192
189,147
176,77
117,61
62,45
152,173
9,179
174,88
149,39
104,131
72,3
124,110
197,110
115,198
64,192
131,106
113,116
47,61
124,148
46,171
173,30
111,190
22,69
181,179
163,69
140,2
194,194
183,73
19,187
118,143
158,173
167,6
43,195
165,184
58,35
32,165
122,96
136,152
196,75
8,106
113,67
165,27
65,79
139,165
114,60
116,26
197,96
129,127
157,101
75,101
74,2
2,170
149,90
140,11
179,43
84,124
62,139
77,193
151,25
101,30
91,138
184,123
58,183
188,189
120,16
95,122
78,80
109,71
1,170
174,119
87,150
58,173
151,189
157,178
23,34
10,148
187,41
129,53
3,166
44,184
163,134
27,29
101,182
74,92
69,18
147,120
103,172
161,71
10,51
102,54
177,54
123,182
160,186
58,19
101,141
104,10
189,166
182,54
88,96
6,60
142,98
182,173
81,56
180,50
106,186
59,70
82,168
192,135
186,135
40,11
35,107
112,179
197,155
118,143
125,86
153,4
114,68
76,191
78,57
16,197
0,178
127,110
37,116
18,62
121,29
64,12
165,123
6,60
128,86
39,100
115,124
150,35
138,69
132,178
135,122
12,173
157,182
127,177
64,166
182,167
64,88
60,26
20,71
144,131
43,140
141,59
119,83
169,154
94,1
90,193
145,11
88,183
199,155
137,20
130,6
48,15
168,94
75,15
108,92
25,114
101,187
44,51
101,69
107,69
106,1
74,152
81,43
58,34
181,71
24,150
21,88
126,139
33,55
130,63
163,50
27,47
196,114
124,54
193,31
83,67
34,101
177,1
141,47
43,73
43,173
47,56
164,91
122,148
114,83
123,76
130,151
74,72
110,115
71,10
187,89
75,121
80,108
164,189
1,128
81,166
52,184
184,178
91,20
105,197
70,64
52,75
65,84
74,147
36,146
20,167
166,50
76,63
130,70
177,14
22,115
46,17
123,29
66,168
56,177
48,48
69,138
164,64
73,173
143,161
102,136
32,171
170,126
17,138
109,176
21,20
5,86
15,199
139,29
161,161
132,197
114,82
126,67
173,48
183,42
159,155
33,17
71,39
39,16
22,22
143,159
0,137
158,65
157,96
173,123
9,121
126,31
39,67
134,126
165,160
187,105
109,119
176,59
49,90
43,12
84,135
36,141
119,11
98,98
71,142
186,138
141,189
174,178
147,164
66,80
152,169
41,147
181,126
29,120
130,4
191,187
32,16
197,35
168,145
152,50
120,35
65,135
4,187
149,109
7,71
104,61
144,85
61,133
159,145
138,50
3,19
179,71
136,54
88,42
45,56
14,179
10,6
145,48
159,125
175,40
106,123
148,63
189,82
118,175
19,165
164,157
43,43
10,52
110,74
158,88
31,190
179,155
118,123
143,125
128,173
162,108
36,69
92,176
40,42
4,174
81,165
196,22
85,83
32,132
166,34
60,119
131,117
29,122
39,40
81,25
192,59
124,94
114,174
21,177
143,110
115,57
61,98
48,13
189,181
150,68
164,61
121,95
120,153
122,68
107,71
119,64
52,98
76,14
70,140
65,192
61,139
38,158
38,38
13,99
15,130
52,105
184,42
40,183
104,15
176,120
131,180
28,167
166,108
82,101
118,160
6,189
198,172
13,88
147,74
69,102
167,164
142,193
105,167
145,44
26,101
198,90
74,74
84,31
47,68
17,180
20,132
138,75
37,119
187,131
121,181
165,93
34,159
58,62
42,182
2,10
97,40
78,115
108,29
60,98
123,186
2,10
125,20
135,179
141,8
131,7
39,157
149,154
127,173
74,82
111,53
136,198
14,130
70,173
20,180
87,13
63,24
199,143
64,100
89,142
112,108
182,154
34,13
3,152
147,83
38,35
13,42
176,77
35,94
87,111
3,85
130,23
60,164
52,107
159,34
187,188
39,186
123,143
103,140
1,126
143,181
137,67
4,60
191,94
78,166
31,42
69,143
136,188
132,73
178,71
122,114
174,35
29,91
195,71
107,84
21,150
40,65
107,188
79,75
80,136
59,125
166,194
105,132
119,127
129,164
125,18
142,37
160,178
86,42
174,175
91,45
66,93
107,96
41,73
86,184
35,95
97,161
56,15
111,14
3,11
136,117
180,113
93,40
52,59
42,137
89,72
154,7
136,66
24,155
185,122
187,191
157,80
14,178
39,155
140,97
74,103
27,171
1,76
7,155
1,167
78,24
10,123
78,97
105,62
136,27
25,182
49,15
23,44
77,184
166,106
90,184
76,62
125,191
98,153
183,100
27,30
12,113
153,145
191,140
8,13
167,162
192,53
133,131
164,49
135,23
83,77
25,79
131,164
144,163
117,111
13,86
99,142
160,99
63,156
16,25
183,136
132,156
165,162
39,106
157,157
104,108
198,125
170,56
57,191
2,48
9,80
18,142
44,183
48,2
160,190
81,67
118,193
76,148
150,71
90,44
166,89
18,51
29,175
78,188
125,123
186,37
151,86
35,66
186,79
142,162
89,139
138,86
93,19
103,54
104,77
146,33
44,162
115,68
49,59
144,118
80,23
143,25
168,80
168,4
2,79
158,20
121,185
60,41
111,110
113,49
156,20
30,139
10,22
57,24
111,142
29,90
170,133
164,63
57,81
12,28
85,51
81,10
35,23
79,132
43,193
156,139
129,101
59,132
47,40
98,136
197,26
133,29
112,72
56,54
194,58
55,183
67,55
121,18
59,165
96,69
55,60
177,154
170,67
107,41
119,138
175,47
89,49
20,196
28,107
106,79
63,111
26,120
157,71
26,106
72,176
57,177
88,71
182,132
92,173
2,33
59,157
39,48
159,156
193,121
62,84
86,50
7,160
157,190
161,125
91,116
155,110
137,98
9,63
169,34
135,145
189,159
96,121
110,58
182,119
199,154
116,197
28,99
181,14
177,56
26,187
99,143
123,82
104,110
95,45
164,80
45,139
2,153
69,4
78,18
149,66
143,53
173,151
186,13
156,2
138,19
28,151
107,44
104,55
176,28
26,121
145,146
47,176
123,154
174,133
87,11
186,128
96,24
134,108
167,78
156,47
122,134
40,49
110,161
64,112
127,48
107,176
160,183
43,79
130,119
159,44
137,13
148,5
31,172
190,164
17,123
143,142
65,195
146,158
106,121
113,90
149,98
146,80
114,169
98,85
165,92
85,124
87,178
41,178
180,179
44,146
186,11
101,32
151,50
144,190
161,109
67,63
180,48
124,144
125,5
37,37
181,2
9,29
162,65
46,12
15,1
87,132
184,60
165,51
103,155
10,61
184,132
64,50
164,87
71,81
0,24
116,14
98,72
17,190
51,98
139,54
85,197
26,163
137,148
173,198
103,187
165,172
157,146
26,142
3,137
30,7
152,196
94,95
158,12
19,159
85,149
68,115
169,107
26,92
152,149
55,86
184,95
109,113
85,115
13,129
18,146
3,72
69,60
191,60
184,154
35,15
10,115
11,134
117,171
55,18
84,110
5,123
176,173
28,143
132,183
98,164
129,68
141,178
104,140
111,137
53,52
64,58
35,169
74,13
115,110
129,108
44,53
153,193
142,46
12,149
181,188
49,51
105,126
104,22
104,153
9,142
109,54
28,127
130,17
153,85
49,194
140,109
71,60
13,30
2,42
0,97
144,5
122,186
147,12
125,74
174,196
64,89
122,159
180,100
139,97
96,182
180,190
157,46
193,175
154,140
189,36
197,46
113,62
132,109
146,79
126,80
158,56
151,119
122,23
132,95
66,112
46,141
18,52
179,78
42,118
2,110
186,10
157,93
157,119
100,66
17,42
108,82
137,178
9,17
36,139
16,164
93,107
89,80
115,131
47,105
19,41
185,142
159,92
54,183
72,41
146,5
76,178
124,15
51,162
83,121
106,77
109,85
49,165
157,32
94,74
61,183
119,64
35,81
175,14
181,31
101,26
138,43
60,132
86,23
31,38
44,191
108,59
139,165
168,92
17,98
16,193
7,99
116,35
176,81
97,95
117,79
79,163
105,21
76,37
188,138
99,7
198,106
181,183
103,30
67,118
163,152
36,95
57,153
48,59
57,103
186,163
31,87
32,7
79,64
32,174
150,184
58,101
113,193
177,15
2,146
81,191
55,21
100,181
49,198
82,165
146,180
84,57
61,63
173,20
80,173
124,140
1,168
57,165
119,82
16,167
102,156
105,147
171,132
163,163
81,9
163,148
156,183
17,95
179,99
97,188
159,51
51,111
95,150
85,122
141,0
51,128
32,111
173,43
101,2
197,5
21,105
189,158
161,129
148,153
43,177
85,37
21,148
96,44
21,53
136,173
55,149
117,194
13,12
21,36
191,165
156,184
21,167
66,62
45,187
136,102
153,182
19,163
71,82
13,72
131,127
67,131
26,168
139,97
182,174
26,37
162,187
94,101
136,173
70,24
50,135
30,94
15,119
189,144
155,71
154,7
139,103
125,138
132,52
72,193
74,155
127,124
181,38
131,149
64,195
100,94
137,140
54,129
44,125
129,103
107,120
156,189
112,137
125,120
130,188
5,69
4,86
36,165
171,16
25,68
56,22
168,35
159,57
155,152
141,5
131,10
155,65
89,128
199,189
165,138
2,0
150,2
111,18
138,53
58,95
195,124
166,173
60,84
119,161
89,128
39,9
189,21
24,70
90,54
47,126
84,23
1,176
131,189
32,152
7,157
189,103
132,177
23,80
93,147
173,100
169,9
15,13
58,85
113,193
22,81
15,32
92,175
56,102
107,50
15,31
153,15
23,160
113,176
5,63
80,74
92,184
166,141
187,166
79,133
8,51
54,40
98,55
130,24
8,107
175,69
14,167
149,118
129,133
37,161
177,189
62,68
117,171
63,9
159,36
142,32
111,11
17,144
26,179
87,191
126,15
176,126
37,150
151,11
91,8
117,151
170,97
82,2
21,37
66,114
4,170
191,65
183,196
119,72
86,93
9,104
163,37
98,44
143,159
72,90
62,84
144,19
192,66
56,71
49,118
186,192
4,98
47,194
128,15
117,162
76,82
155,28
176,144
123,4
92,109
5,163
93,45
192,58
80,108
26,164
100,169
140,12
82,35
150,68
163,38
147,143
191,27
187,4
176,52
15,103
167,177
117,165
144,92
33,117
100,151
28,149
167,91
120,150
120,168
153,124
110,106
41,36
123,117
26,142
59,117
123,133
131,99
116,131
130,24
162,192
47,114
173,55
160,83
175,39
176,17
177,43
54,15
1,65
147,42
4,106
43,187
79,42
158,195
43,182
82,84
95,146
34,106
38,77
192,94
24,99
1,122
28,188
145,119
33,4
178,41
87,113
120,30
115,185
126,101
187,99
195,50
62,172
52,11
163,12
73,122
113,176
64,196
130,157
136,32
129,189
37,171
12,154
67,48
139,139
0,98
12,39
32,42
24,28
163,138
173,38
54,48
179,39
66,5
63,159
98,163
34,84
84,130
166,76
12,78
112,104
64,182
20,168
28,26
65,170
154,21
13,58
123,188
174,132
178,102
75,114
11,74
5,67
29,138
29,87
20,127
139,31
181,116
117,77
117,48
61,184
171,6
67,46
51,180
166,106
8,71
131,149
81,145
146,133
20,100
111,2
168,197
22,52
135,128
112,127
145,77
177,198
37,27
181,103
183,66
111,167
9,139
191,33
106,38
66,195
167,38
106,4
129,109
23,68
32,100
28,11
40,85
78,69
116,109
163,66
186,40
58,193
107,139
88,18
164,145
75,95
160,164
11,177
154,103
159,163
182,158
79,7
130,56
167,114
158,92
60,38
9,138
49,137
186,133
55,70
29,155
125,91
11,1
150,30
144,78
90,23
197,101
163,84
55,58
102,87
4,39
76,78
179,189
99,41
10,60
79,125
170,169
71,146
58,74
18,81
70,148
163,67
27,190
69,119
24,108
5,182
94,12
173,146
32,52
13,137
198,93
197,57
111,141
54,124
174,20
132,195
129,37
100,108
120,192
18,48
134,60
154,101
99,125
64,124
163,38
54,89
111,138
104,62
97,106
66,52
33,74
167,153
149,3
123,29
108,96
197,157
46,149
177,105
77,14
183,102
160,157
131,95
14,161
164,77
40,16
181,103
160,122
49,57
92,185
154,144
162,63
84,134
49,17
135,148
151,88
36,116
4,24
69,79
30,66
48,185
76,110
8,57
112,44
25,156
121,189
129,172
179,178
25,113
171,121
119,76
81,59
92,194
117,53
46,64
8,183
100,90
95,157
31,127
4,168
178,124
189,126
66,164
44,40
164,14
119,129
85,123
142,41
175,58
53,3
104,16
142,172
186,166
143,140
53,106
75,174
82,61
128,155
81,76
13,84
159,65
84,141
105,92
136,118
60,147
111,123
99,29
197,8
12,142
1,109
142,80
49,64
23,171
70,88
20,130
199,49
26,76
109,44
106,111
76,44
103,134
12,46
190,13
113,82
111,144
198,25
123,131
45,76
194,95
153,132
23,104
6,152
151,27
173,134
60,48
105,145
106,53
197,141
120,128
79,151
8,126
138,108
166,57
6,17
117,26
50,139
187,10
37,189
165,5
15,3
188,37
111,156
84,56
9,102
99,91
191,2
174,92
168,143
165,116
135,134
32,103
148,173
13,141
168,38
83,111
121,169
68,98
180,142
161,72
117,29
43,67
17,143
176,188
132,1
123,1
102,79
96,124
127,1
145,176
110,18
159,114
46,105
164,107
49,65
35,131
58,198
109,164
15,140
170,139
64,175
181,198
96,55
139,127
33,119
8,163
53,31
72,88
124,192
77,93
111,170
173,8
11,3
65,77
127,42
159,69
172,15
36,184
91,24
104,3
47,109
69,35
177,147
26,36
93,186
183,88
102,144
26,91
196,133
122,127
15,122
41,30
192,17
53,54
71,37
134,122
175,75
138,19
169,198
138,120
73,165
101,196
110,35
59,161
72,177
43,99
120,111
98,154
121,37
5,196
2,166
57,64
81,49
133,172
94,183
88,37
42,96
168,53
144,159
13,144
129,148
21,35
176,185
169,35
29,53
35,131
92,142
86,9
5,148
109,157
37,71
105,133
183,26
60,5
177,48
163,173
25,81
89,57
107,81
47,0
26,108
175,32
77,71
170,183
91,83
63,171
140,61
106,139
130,20
53,8
21,127
38,75
77,39
108,146
190,6
21,157
43,84
55,16
120,132
121,133
34,39
165,174
31,121
42,54
163,54
35,70
99,199
125,135
65,162
170,61
76,177
168,168
39,178
79,53
136,63
99,192
182,118
114,167
107,170
150,36
72,118
92,158
82,10
126,22
48,19
28,26
114,163
161,58
141,8
168,1
31,122
140,155
74,186
36,107
83,0
178,173
170,165
145,27
149,183
11,49
32,171
79,83
52,102
1,79
186,4
94,105
132,73
74,145
171,46
114,145
167,14
174,45
6,11
163,45
136,172
135,100
148,52
17,73
26,60
175,86
109,19
53,162
53,165
163,35
82,130
49,90
169,170
146,62
88,112
170,94
47,145
125,93
131,176
29,163
138,51
22,65
131,81
31,155
159,194
73,184
78,71
130,168
121,44
139,9
150,81
30,45
93,163
67,106
199,171
1,193
63,133
65,2
172,10
1,134
173,144
156,33
42,195
116,115
17,57
185,70
67,152
171,160
138,34
143,81
26,128
197,30
152,99
121,47
122,72
72,1
40,192
35,82
184,87
79,23
66,59
5,152
110,129
35,34
167,181
72,72
151,185
56,48
139,25
23,154
77,168
46,184
145,186
167,94
178,21
146,117
123,69
165,131
70,145
94,124
153,96
111,138
17,83
129,86
38,148
38,154
37,186
129,92
78,164
172,14
76,3
81,70
160,192
90,173
195,193
10,107
40,199
179,73
55,81
93,198
82,135
115,109
136,77
93,49
164,150
166,19
125,116
157,172
6,161
58,6
97,94
5,187
90,124
75,136
5,38
83,161
26,17
168,79
52,115
46,70
44,99
84,193
61,112
177,62
14,65
191,181
46,142
182,87
117,42
143,75
90,99
47,91
97,177
156,88
1,43
48,140
78,172
123,96
45,107
154,80
63,77
28,24
42,33
97,91
100,85
149,90
151,35
162,86
63,98
144,27
45,15
113,107
48,117
102,141
66,142
94,73
51,168
15,182
144,187
128,84
176,130
83,22
76,121
59,92
136,43
32,175
46,107
176,145
98,143
69,122
125,101
8,58
53,36
138,97
190,0
40,173
188,156
135,87
58,32
173,111
45,150
70,183
4,138
146,15
162,176
119,138
191,147
86,98
190,61
80,168
67,161
35,126
125,29
16,170
86,142
112,58
147,124
153,189
18,146
181,59
89,63
92,63
52,7
106,125
93,117
158,16
81,109
80,25
143,170
193,77
199,116
57,131
86,25
196,154
188,50
190,177
143,170
60,89
197,56
18,101
111,8
104,196
184,167
134,125
165,199
36,19
194,34
87,31
194,140
175,8
126,127
188,168
144,140
51,30
125,26
19,85
49,52
40,20
26,53
179,136
23,181
2,47
68,182
116,157
117,125
68,110
60,155
126,26
114,11
181,82
129,9
149,61
59,152
121,136
9,131
141,118
107,155
32,32
19,109
65,88
11,169
98,97
19,190
139,188
151,184
126,189
172,72
184,110
12,173
37,11
56,160
82,34
30,53
98,42
72,10
40,119
157,159
143,41
160,32
140,3
53,59
148,189
135,76
20,82
177,153
16,51
116,49
96,42
38,10
40,54
4,93
26,43
51,145
75,177
70,48
73,164
107,1
189,35
1,35
157,77
107,23
177,151
40,96
36,64
167,186
62,110
73,156
176,138
189,124
166,49
4,154
132,169
178,11
56,88
87,142
120,116
2,128
141,23
130,45
180,37
134,47
30,92
159,174
135,106
152,18
136,51
24,174
51,109
164,198
145,89
166,92
35,39
196,152
84,194
177,34
7,85
169,170
83,1
11,114
144,31
128,83
72,97
72,79
21,101
131,105
76,38
123,151
23,170
100,105
58,26
125,53
24,87
106,9
102,121
137,79
57,115
180,86
56,188
35,14
27,80
101,22
108,198
137,54
34,76
155,12
52,113
97,105
137,127
178,85
16,59
17,25
185,18
154,57
91,133
64,14
150,21
149,137
27,189
32,44
127,143
7,178
57,60
89,107
130,49
83,137
76,157
28,157
167,58
60,50
186,182
179,59
46,58
62,93
46,19
13,162
122,128
18,63
116,141
18,15
110,182
144,4
27,34
163,56
105,180
105,68
98,95
54,122
154,6
150,64
82,159
54,196
145,151
184,70
198,131
73,17
176,158
10,78
56,80
160,59
79,128
198,198
3,55
152,162
93,19
101,163
90,180
186,102
102,114
85,25
165,28
188,36
114,97
82,172
161,196
53,16
50,164
162,37
111,138
99,35
145,25
56,116
197,115
106,63
59,186
18,5
134,5
84,152
86,32
188,2
131,16
60,85
50,117
34,58
144,54
26,41
88,155
76,75
74,78
175,136
116,84
97,114
170,69
1,80
92,18
12,1
25,112
190,167
140,147
145,80
91,14
9,7
72,108
165,189
25,188
120,109
163,196
177,5
39,124
173,26
186,40
30,150
17,68
25,174
148,172
157,173
71,184
177,157
175,96
69,66
28,92
64,199
86,117
193,62
49,166
184,21
43,196
75,49
180,148
85,144
54,161
79,104
33,101
68,13
143,104
15,84
17,98
40,102
158,26
71,48
4,61
79,88
97,196
187,110
134,92
172,88
11,29
117,56
125,198
173,58
40,8
131,22
53,127
1,90
176,48
198,28
138,142
79,73
33,154
170,161
14,74
169,119
8,51
106,109
115,151
141,170
4,103
42,21
73,129
167,54
174,48
153,60
194,189
37,32
153,185
122,85
130,7
126,172
41,15
24,1
84,143
44,192
100,69
165,80
173,91
156,22
126,191
115,167
68,161
116,0
8,12
138,68
20,147
31,135
26,47
42,31
0,147
91,146
6,82
90,82
144,116
80,155
80,77
43,83
30,175
32,152
95,141
109,76
183,72
4,108
45,52
109,75
118,168
43,123
164,100
12,108
26,37
119,66
75,168
120,6
173,139
144,179
113,149
4,1
169,123
166,181
33,194
153,181
150,85
67,167
115,38
106,196
25,124
53,159
50,195
41,160
182,35
23,33
38,100
71,38
63,79
39,25
100,85
105,177
71,84
124,76
162,82
130,12
120,22
83,82
145,97
184,196
190,96
181,107
89,24
199,113
109,76
125,89
168,58
59,38
194,89
150,4
64,65
32,14
95,190
10,98
24,187
2,76
46,172
5,29
122,57
54,180
109,150
127,145
34,121
43,47
0,174
168,46
22,167
44,52
38,132
29,43
48,187
64,15
92,23
177,52
0,161
103,8
11,77
49,154
33,187
145,59
8,78
59,26
35,121
157,158
94,49
135,107
123,79
38,58
166,143
83,118
70,36
96,190
181,115
98,146
140,42
133,2
118,100
61,157
179,196
187,5
154,52
159,84
198,114
92,104
99,190
165,106
38,60
82,159
131,155
129,35
23,33
184,123
64,44
104,167
7,184
70,17
29,135
130,168
55,28
84,4
177,160
24,104
86,75
105,83
154,173
172,134
140,90
134,105
45,78
149,59
61,196
61,44
9,25
42,99
161,104
146,39
58,89
8,146
150,177
68,159
15,192
10,199
94,43
88,166
31,192
177,148
62,162
2,68
22,184
25,43
22,81
154,10
29,57
120,117
122,181
43,62
180,52
26,124
138,36
105,101
88,65
156,23
120,186
80,0
130,17
105,153
153,57
165,6
25,115
189,155
35,12
74,9
108,119
81,183
123,82
14,124
18,7
170,128
30,98
172,71
49,187
137,27
65,38
59,195
18,127
143,23
181,67
54,137
148,22
115,177
69,198
85,56
96,124
87,157
161,192
182,23
168,192
18,5
171,21
126,80
147,74
28,158
115,143
88,51
97,27
76,154
123,110
188,46
123,25
109,102
106,85
64,189
154,53
198,156
153,70
109,85
190,110
153,152
184,126
173,33
72,60
47,9
56,87
14,51
35,188
52,54
68,51
21,146
116,182
14,42
49,54
46,19
38,39
134,142
175,13
167,128
162,146
109,175
80,72
62,80
4,182
142,128
182,103
155,187
88,115
100,153
40,36
130,199
0,76
32,20
89,163
126,84
15,187
72,83
133,18
84,166
10,58
157,131
14,197
176,181
167,68
77,1
90,5
82,142
77,17
73,79
96,169
4,27
183,93
195,160
122,102
76,100
130,108
96,93
170,34
48,138
122,183
69,77
190,149
145,72
124,143
64,94
20,158
41,11
176,123
34,163
190,129
25,20
122,52
35,193
16,48
102,124
121,117
172,179
58,127
54,3
31,165
136,83
52,98
9,21
107,126
45,126
53,62
157,150
59,195
101,112
194,134
151,29
111,177
60,103
105,91
112,55
79,32
79,43
43,45
25,141
112,97
172,158
118,9
165,46
126,42
49,51
198,191
175,193
170,166
45,125
105,192
70,83
186,136
40,62
165,157
105,167
165,160
128,183
40,88
171,90
22,0
140,107
8,148
29,12
51,150
142,78
147,29
74,157
103,31
103,112
153,20
107,44
132,154
23,11
63,110
85,129
27,192
77,176
194,133
145,114
7,122
39,109
144,153
28,184
98,55
42,12
72,61
105,178
54,169
85,92
175,121
107,188
191,136
34,101
24,132
51,152
137,173
84,199
192,192
134,45
101,110
35,177
175,116
34,15
173,156
193,16
8,129
165,72
164,84
71,161
19,177
35,134
20,23
35,153
162,162
180,171
124,153
122,38
53,18
191,35
97,48
10,121
77,2
52,9
143,57
182,76
57,62
75,51
87,6
111,80
192,107
93,144
5,24
61,153
102,174
71,144
186,41
81,4
164,72
127,21
158,166
97,29
196,152
192,12
60,175
173,193
159,104
159,7
154,37
140,169
132,28
158,72
70,65
164,43
51,66
42,164
111,119
40,95
39,77
57,83
74,4
75,97
162,141
25,167
183,151
159,162
116,101
24,51
122,198
21,153
10,88
134,11
71,188
103,152
110,176
174,75
137,41
110,65
79,57
93,51
27,191
45,119
177,157
141,167
126,147
21,111
167,187
142,168
138,22
156,150
182,147
14,87
72,190
178,57
182,84
45,178
164,127
75,190
95,101
10,26
47,27
53,141
18,18
71,182
145,185
86,43
52,96
176,166
17,138
81,7
43,54
51,54
134,6
100,158
189,174
75,86
96,109
55,146
172,1
196,37
125,187
6,91
139,153
9,77
197,91
146,64
198,161
107,54
36,158
98,26
161,119
104,163
2,37
28,9
183,133
74,38
27,189
139,98
29,152
163,64
183,108
76,1
50,163
167,157
50,73
33,101
27,183
114,36
143,184
127,176
178,129
10,156
178,77
26,33
128,139
17,2
75,63
18,6
132,190
14,150
198,6
95,53
91,38
163,75
151,170
98,116
74,182
115,5
78,22
131,121
47,0
83,139
142,152
145,173
32,17
80,38
168,75
43,21
143,41
179,16
15,23
126,187
127,128
33,35
45,82
11,198
51,41
90,169
102,171
90,187
152,76
141,113
122,16
4,21
81,69
29,101
73,120
32,143
43,182
176,44
141,79
59,134
7,103
66,9
11,89
41,40
159,98
13,45
55,89
194,185
136,68
31,118
8,145
40,153
85,172
181,92
192,84
80,183
130,31
149,68
172,198
164,60
169,131
191,84
47,25
125,97
112,0
91,52
121,125
179,54
79,134
142,182
176,51
123,4
158,35
74,52
46,193
119,20
174,150
194,83
32,116
135,188
126,127
34,138
177,32
16,133
178,34
78,52
31,138
2,121
42,52
19,30
156,61
163,130
39,31
23,124
35,156
30,106
153,195
128,44
185,139
192,33
113,115
160,109
3,139
194,88
140,15
124,86
170,139
33,8
46,96
174,38
63,15
50,168
76,4
133,138
44,22
108,136
117,7
185,80
23,109
8,57
181,102
150,101
76,12
151,62
104,103
150,75
94,130
123,64
137,94
102,5
133,168
14,168
94,153
187,18
186,159
36,116
172,5
122,108
76,181
7,35
15,154
120,139
29,25
163,193
122,150
80,50
7,27
82,115
179,68
140,63
64,187
125,66
139,96
85,121
147,80
15,122
74,186
138,90
59,183
142,53
33,180
147,2
64,11
194,134
68,77
28,186
95,82
69,174
97,53
186,41
9,94
75,175
8,55
22,3
34,115
165,77
78,125
45,115
21,113
34,159
176,95
177,90
90,30
91,118
79,166
1,51
176,14
146,71
57,178
51,31
101,139
59,196
117,160
63,162
199,119
132,101
166,4
25,44
81,146
198,141
22,181
150,58
6,74
114,177
140,118
36,97
33,171
99,174
133,103
152,115
166,132
73,41
68,44
193,190
151,184
16,114
76,49
44,196
110,109
75,141
30,75
184,163
96,136
14,172
19,129
3,42
13,120
116,175
112,77
175,57
102,50
46,111
68,183
154,98
135,183
159,169
166,178
195,55
62,3
153,53
190,112
126,125
13,162
92,143
108,139
14,133
149,66
176,28
111,36
21,51
159,70
178,97
106,145
74,32
4,63
16,109
68,195
72,167
155,63
90,27
79,45
32,93
187,116
121,199
183,180
29,171
110,80
152,74
84,100
155,46
135,6
60,159
99,44
158,46
174,167
143,139
179,60
18,103
18,191
66,93
146,191
173,81
58,109
194,27
122,45
198,74
97,89
135,166
86,54
171,197
79,64
54,85
191,144
19,73
114,125
3,194
6,17
116,6
135,16
143,14
137,180
81,138
157,44
10,56
65,33
2,136
163,79
12,147
19,2
28,162
33,84
179,3
65,67
53,105
198,100
62,83
67,195
16,78
32,80
32,94
161,61
174,178
134,102
172,112
165,9
69,15
109,89
50,88
53,186
175,99
142,164
181,52
47,179
142,147
25,38
81,159
183,120
178,86
154,59
185,82
55,48
22,49
113,145
46,111
111,29
15,14
105,43
114,171
193,141
184,170
29,1
39,80
84,14
168,47
86,117
142,53
133,198
132,144
64,136
68,18
156,119
8,28
42,169
88,130
29,14
103,95
180,170
181,72
184,37
21,101
149,198
165,50
102,132
70,54
34,188
5,62
176,108
128,198
0,19
21,90
22,159
69,120
62,58
179,75
105,125
53,169
101,40
34,90
105,167
118,144
186,44
140,83
145,182
166,122
65,101
6,103
86,165
78,167
34,96
190,3
29,68
155,191
110,148
124,24
30,47
106,178
91,26
153,171
152,20
16,99
152,140
82,71
100,40
54,52
49,121
80,197
83,27
12,18
183,34
56,86
71,69
123,193
192,43
142,114
104,114
174,184
26,6
193,26
162,38
5,194
52,192
6,86
110,89
92,19
41,87
61,130
126,143
33,66
150,188
26,184
88,87
154,16
165,183
187,17
105,78
135,54
50,72
88,21
163,167
10,194
100,115
181,128
4,170
137,61
146,182
17,195
184,98
61,60
19,15
24,146
41,116
157,126
65,52
194,173
0,170
185,67
41,59
133,148
118,149
51,151
82,127
60,67
92,65
139,173
136,60
182,101
88,48
69,51
30,62
150,182
113,185
32,8
186,176
63,85
26,100
78,35
15,168
192,30
33,166
161,59
75,153
160,15
118,144
158,24
114,178
22,168
4,90
81,155
34,169
98,123
32,188
161,152
18,183
82,181
116,58
18,170
9,1
23,70
195,31
115,138
72,75
141,89
6,7
18,140
92,127
122,75
87,85
153,70
106,180
146,156
196,188
80,122
71,19
89,30
130,90
148,179
15,39
64,55
56,105
176,2
116,37
106,84
22,175
70,182
104,148
182,119
72,128
10,153
130,134
21,54
131,151
71,138
14,121
61,23
33,22
114,140
197,22
180,109
22,142
17,22
159,38
96,120
4,122
104,176
191,63
124,74
174,24
153,146
184,169
197,182
118,116
178,142
97,77
174,135
192,62
192,54
12,147
195,185
74,88
86,7
9,24
48,72
106,91
47,194
25,33
111,102
124,154
57,64
125,49
186,180
103,12
33,51
61,81
182,45
69,122
60,115
85,18
167,32
98,5
129,136
92,90
29,174
61,79
196,7
90,119
85,149
99,71
93,171
184,193
23,164
143,150
146,82
92,189
8,92
112,84
31,134
54,80
50,32
63,30
30,65
132,13
98,56
98,36
34,15
19,2
186,58
117,15
119,0
173,115
117,176
151,192
23,163
33,122
119,110
86,126
104,102
43,150
6,24
174,93
122,165
183,84
189,40
53,62
79,164
83,148
123,110
183,93
180,124
103,53
51,77
88,121
95,110
162,162
110,116
135,71
101,123
18,122
70,193
38,103
197,39
49,100
5,101
185,118
186,107
108,68
65,196
167,55
161,39
143,123
130,140
61,22
34,72
21,166
102,20
55,49
124,138
137,20
19,136
6,166
24,113
73,39
50,175
114,65
81,69
50,28
98,33
79,68
147,99
79,26
99,164
43,150
177,81
139,140
64,151
71,121
6,143
107,83
67,1
97,4
55,27
147,176
172,127
107,107
143,146
65,13
61,134
171,128
138,35
175,146
13,102
193,152
35,98
57,180
197,130
24,129
109,194
48,157
49,43
199,136
3,53
145,141
98,144
30,102
99,7
181,3
52,166
116,75
87,64
140,127
51,88
120,23
57,8
49,174
3,45
130,93
134,54
72,26
70,36
187,104
39,185
62,188
87,52
20,122
32,125
67,186
86,40
168,40
58,45
80,2
127,58
135,66
197,193
94,129
169,187
28,14
161,130
126,45
175,51
168,147
96,197
81,89
80,145
91,52
73,30
40,65
154,154
49,151
39,10
101,85
184,16
82,170
60,125
191,93
116,28
197,153
69,130
13,43
157,53
117,37
123,70
96,107
135,198
107,115
6,104
144,192
121,88
106,151
124,156
136,145
51,33
123,43
81,152
92,67
34,62
132,9
27,45
6,20
49,84
71,17
140,108
156,117
145,17
12,27
152,103
32,157
183,15
130,7
101,192
0,160
108,146
51,109
66,186
167,176
49,29
179,119
125,122
154,58
198,138
135,23
139,181
126,105
13,29
159,60
113,150
84,130
119,79
193,19
78,186
32,33
176,118
26,0
184,29
109,195
13,36
106,118
67,135
153,97
5,118
94,79
0,162
72,26
30,68
26,135
195,9
79,180
139,4
102,110
23,64
69,144
34,112
116,20
176,87
135,93
181,149
60,197
99,71
32,66
39,153
53,162
159,15
133,166
184,134
0,37
17,95
2,15
24,116
52,138
92,6
112,50
56,171
189,173
122,135
151,156
36,127
109,104
198,157
60,119
84,183
63,125
104,175
7,167
30,137
106,185
123,37
12,115
155,79
111,173
133,79
34,109
177,105
131,113
79,15
191,20
45,136
122,172
102,187
35,110
33,64
127,38
73,177
188,151
9,191
56,195
145,81
137,190
185,128
111,11
53,46
52,164
69,103
130,89
168,18
71,87
95,149
10,72
10,71
66,148
77,16
66,199
135,73
120,85
116,148
199,51
34,198
15,174
4,94
102,162
131,190
108,192
79,35
59,171
150,139
72,83
165,0
184,150
36,28
196,84
169,152
150,51
54,7
15,146
13,150
103,172
184,43
31,60
131,27
44,72
104,101
123,39
35,53
44,138
122,188
71,78
194,170
137,194
105,13
116,139
50,23
181,25
119,81
144,53
136,182
42,34
62,119
183,89
103,62
131,23
47,127
145,74
99,40
52,62
196,194
109,7
66,146
182,26
28,118
52,58
123,29
21,143
129,109
186,42
70,83
180,65
92,147
89,3
47,60
59,20
148,83
119,155
145,194
83,36
64,108
13,50
96,171
64,111
18,90
157,152
111,137
89,197
74,81
175,62
177,20
107,9
54,45
125,109
161,131
159,60
69,95
73,131
96,107
136,104
43,81
38,142
150,42
39,69
15,1
186,34
106,4
102,171
32,85
73,7
39,96
78,55
81,37
184,122
8,142
81,160
40,12
116,78
57,104
136,182
80,168
107,184
50,13
94,66
106,37
192,114
98,100
25,154
96,74
189,19
173,35
96,167
116,198
57,55
105,55
73,195
119,30
115,114
0,74
56,199
63,82
83,45
61,127
175,194
169,193
114,191
0,36
37,69
189,158
29,149
88,68
143,98
183,74
192,94
63,17
93,55
52,18
16,34
18,150
124,9
82,86
66,106
69,49
82,141
23,192
161,27
181,84
25,126
66,43
158,42
23,93
16,61
176,78
124,112
118,51
128,66
12,194
186,75
58,162
166,75
38,25
179,4
93,166
127,9
90,185
148,19
20,123
48,161
116,133
83,23
63,41
63,168
20,89
69,84
121,141
158,14
177,5
162,134
159,155
52,44
197,67
51,24
100,60
3,56
50,26
20,165
72,18
174,177
12,182
152,145
22,192
122,182
82,21
143,92
7,187
169,101
120,51
93,165
135,13
192,173
158,16
52,102
192,195
161,46
161,62
165,98
40,54
55,123
0,174
133,59
32,37
93,134
42,62
141,145
139,159
146,54
126,33
149,8
68,9
163,182
50,168
30,142
23,150
93,75
171,156
152,101
150,17
42,127
168,24
125,39
55,55
75,192
110,101
13,103
196,128
107,150
82,175
187,33
185,105
146,88
121,196
194,61
198,12
107,22
58,188
173,177
41,176
66,133
195,19
35,125
63,134
97,196
108,113
144,12
166,104
44,139
61,87
48,83
81,67
155,37
85,192
180,23
29,135
76,92
15,105
88,178
197,64
95,6
194,94
144,88
112,102
52,26
170,104
104,130
55,27
168,131
126,185
185,161
1,90
167,108
55,153
32,86
199,108
38,146
6,151
178,129
152,51
30,122
47,59
40,190
166,72
96,153
123,182
118,112
82,141
40,170
2,82
121,129
9,182
77,102
46,9
179,47
183,48
163,53
78,148
22,66
28,180
9,19
172,48
145,22
77,171
140,23
174,177
106,118
161,132
121,162
0,186
146,58
132,194
113,113
8,68
115,49
5,112
123,117
137,27
91,77
15,170
143,0
194,148
116,149
113,117
83,23
90,92
41,188
155,35
122,87
135,164
101,135
24,67
186,22
187,166
125,34
28,142
114,31
151,71
29,126
157,89
104,132
17,164
82,95
18,131
195,76
15,106
123,3
180,157
72,28
114,192
67,176
10,184
100,67
157,159
53,135
69,25
34,111
119,47
104,39
145,82
159,105
34,135
69,61
21,198
182,89
130,170
68,157
162,57
149,21
146,173
182,140
35,3
58,36
169,27
196,86
8,2
104,181
183,136
60,74
87,171
42,11
38,85
16,173
136,168
45,161
76,39
10,39
82,172
106,176
187,192
66,4
161,107
9,69
176,167
139,49
199,22
106,93
63,161
123,143
184,138
41,145
121,41
171,101
0,73
107,140
163,114
88,82
133,79
2,142
45,193
52,192
79,44
172,74
77,144
172,197
65,114
172,22
18,61
114,29
81,131
44,30
115,33
185,39
66,37
110,185
81,154
167,6
126,23
144,34
41,25
85,199
179,89
179,67
147,44
138,58
159,170
74,17
78,133
1,94
138,99
92,119
110,2
92,0
19,11
31,31
117,108
71,195
40,53
51,97
127,139
9,34
51,50
178,7
64,12
56,23
19,92
140,35
13,106
23,36
107,99
11,54
28,90
113,69
188,187
158,172
75,189
192,62
181,1
74,78
137,162
121,192
188,76
58,55
102,52
3,38
61,95
23,1
82,83
79,134
66,66
31,102
131,1
138,142
162,151
159,192
80,146
159,0
4,177
23,152
95,158
21,12
100,192
14,159
29,21
49,42
167,79
20,196
122,140
16,21
7,102
142,45
17,88
129,182
30,117
59,32
168,20
5,147
93,87
158,181
16,127
163,17
82,143
67,64
151,56
11,148
28,122
181,165
40,108
182,17
168,73
92,126
153,156
186,51
5,9
90,14
173,80
70,20
37,127
93,54
191,107
11,37
85,166
186,126
117,66
119,197
5,19
16,160
13,23
17,41
121,51
141,83
90,168
17,139
100,132
5,27
169,106
7,190
59,164
19,97
182,138
9,138
78,95
20,199
156,57
20,115
53,12
92,45
86,1
102,73
65,48
55,24
117,174
35,35
135,198
49,180
17,115
100,78
82,121
54,97
52,72
104,89
33,155
172,164
37,101
194,192
86,184
38,61
198,49
15,185
91,179
51,184
44,149
166,76
35,34
3,184
64,181
37,12
56,18
91,10
121,141
156,128
79,110
36,158
168,25
174,126
3,58
88,143
44,146
88,32
44,115
168,13
187,42
94,58
20,116
15,105
186,140
182,163
164,60
0,87
41,11
137,138
75,79
60,113
126,99
2,138
194,132
80,172
191,64
174,13
141,110
15,72
22,137
11,126
8,132
7,73
156,6
10,167
66,166
64,147
157,37
189,148
16,129
7,177
11,169
112,12
7,23
135,198
154,162
3,47
83,105
54,142
177,76
182,33
68,109
160,178
13,80
143,54
137,101
5,21
6,45
197,84
180,52
73,117
121,102
10,30
54,155
119,162
85,111
72,62
150,152
194,4
119,75
87,176
134,6
17,119
126,70
170,16
62,34
24,155
135,2
32,29
158,44
134,134
34,147
177,24
28,185
7,73
2,66
138,15
18,18
72,106
21,90
123,163
68,190
39,7
87,181
150,86
115,50
169,71
8,49
72,102
24,86
66,49
138,6
15,92
39,91
81,161
146,107
142,24
71,73
86,95
76,1
59,53
96,49
104,51
161,40
124,89
65,117
5,63
17,141
116,29
176,62
101,152
183,69
135,114
98,157
154,127
74,142
182,172
186,155
148,132
59,94
186,97
28,50
107,168
106,168
19,189
129,191
161,61
24,97
136,118
143,45
1,138
8,43
126,130
120,60
151,172
103,40
175,192
101,117
151,157
28,32
195,64
109,102
160,162
169,102
138,79
106,170
100,162
172,131
20,1
97,6
108,54
25,28
155,164
15,197
20,35
19,148
96,102
58,53
49,66
79,137
189,83
156,115
61,94
23,148
58,146
183,12
169,127
74,101
181,108
174,110
76,160
97,35
63,93
135,41
109,49
142,73
119,52
24,161
120,108
47,96
77,114
53,182
15,29
24,128
192,35
33,49
198,65
26,6
44,19
56,91
12,168
100,139
15,72
43,29
198,63
153,89
89,34
83,42
50,125
117,83
68,85
39,182
27,45
66,152
195,29
57,66
16,171
142,83
39,107
193,52
122,94
98,144
171,52
199,127
85,126
170,180
89,108
23,48
10,4
179,19
159,96
180,96
67,40
131,18
109,48
69,137
20,160
45,153
75,91
160,187
179,132
103,113
86,184
171,92
162,182
51,138
116,181
91,182
21,172
192,162
181,1
19,4
24,77
89,73
100,0
190,199
43,125
56,151
179,70
198,75
99,192
73,104
116,165
176,191
17,38
18,76
56,77
78,111
54,55
127,119
172,79
197,146
51,127
95,124
67,157
72,167
29,155
125,94
109,112
89,99
179,29
95,6
177,142
160,136
179,162
107,78
113,69
27,174
86,176
18,18
188,192
96,39
8,78
88,150
131,113
59,184
24,135
116,119
127,105
192,101
9,37
12,163
149,146
183,33
16,112
115,96
156,158
153,20
128,154
198,192
163,123
146,32
79,19
6,143
137,33
0,23
0,183
188,105
8,18
118,156
130,50
11,69
137,83
116,189
140,130
77,71
170,81
191,93
116,184
168,28
149,161
6,18
142,145
106,150
36,15
130,185
93,49
136,66
51,91
158,44
162,196
76,55
127,66
0,145
47,163
9,193
150,100
112,162
17,142
155,65
65,71
101,114
178,96
150,51
189,197
75,2
77,83
5,46
67,31
14,159
32,98
79,80
91,30
100,139
122,173
27,122
196,64
192,33
171,126
32,153
105,64
166,153
71,196
10,159
153,15
151,60
31,164
121,34
155,96
71,197
65,78
83,194
52,45
34,48
120,31
138,196
121,129
175,128
162,74
168,2
53,175
4,182
40,95
158,4
99,92
10,134
115,161
169,142
112,134
40,52
48,135
37,16
182,100
127,53
89,66
180,195
73,76
141,88
109,190
78,88
24,61
174,11
73,67
42,178
159,162
57,124
58,150
148,41
77,75
59,87
26,120
164,54
145,113
108,99
175,82
180,43
71,115
188,109
76,35
44,131
50,84
143,42
80,38
133,131
40,110
124,99
123,71
74,124
145,141
141,78
61,128
72,54
87,132
103,47
115,98
146,104
141,45
57,141
187,9
60,19
74,49
194,81
161,0
152,40
116,115
77,14
173,28
32,157
118,67
198,132
142,171
185,134
26,31
198,121
75,84
184,37
7,36
161,111
3,5
58,174
67,137
194,58
11,179
29,155
98,190
122,47
42,98
137,9
109,123
92,101
124,153
48,161
30,87
40,73
60,197
2,176
168,25
189,181
150,185
167,171
27,15
191,43
88,102
27,98
181,145
18,58
56,89
47,15
132,24
129,10
176,134
36,99
117,55
58,185
39,78
1,84
169,62
35,101
121,168
98,56
66,102
86,13
93,52
138,196
150,111
165,185
33,124
23,125
33,82
88,91
16,45
96,132
31,111
136,161
40,121
153,4
78,36
90,95
60,70
97,23
181,141
166,115
108,83
38,134
19,185
166,0
194,42
59,4
99,186
100,174
135,19
10,114
179,94
71,56
180,92
189,8
195,138
73,88
38,58
123,93
121,102
151,111
90,181
16,21
65,131
134,112
151,157
13,126
24,90
120,61
84,83
138,136
49,143
186,104
57,166
70,151
92,113
15,117
69,144
138,180
189,125
36,90
150,151
147,177
138,128
17,179
104,150
79,48
57,194
67,64
174,62
92,88
123,132
166,122
11,163
176,53
34,148
109,80
185,136
162,125
160,5
111,42
5,84
116,156
151,189
24,165
169,165
164,88
190,51
13,184
49,174
173,15
84,154
199,172
84,117
164,91
73,7
74,24
192,33
30,64
199,18
73,112
32,3
167,149
81,138
85,155
161,69
102,21
196,18
67,5
187,1
89,98
167,62
142,38
22,28
16,52
115,193
7,115
160,101
18,37
105,30
51,152
64,57
92,123
139,105
105,187
157,89
140,181
17,66
120,122
85,16
193,6
41,123
35,138
0,93
142,172
13,114
151,31
10,77
79,24
66,172
194,7
193,137
136,156
45,176
109,86
42,196
195,171
141,109
151,144
136,60
191,147
195,154
93,151
54,72
18,119
55,154
58,186
151,128
123,89
24,25
81,184
97,23
80,11
166,163
189,155
100,60
58,38
76,183
7,131
31,159
195,94
130,40
49,24
135,68
19,93
2,141
97,149
100,190
98,126
170,175
80,162
62,131
140,43
106,141
7,72
122,141
115,157
87,139
100,179
102,137
138,177
101,5
174,10
177,56
191,107
88,37
106,80
118,61
83,153
120,136
102,20
27,100
0,51
196,181
91,80
113,6
22,154
162,58
112,1
83,33
8,130
90,148
8,193
185,115
111,73
6,144
89,188
88,193
156,36
11,165
148,68
30,160
158,157
173,50
62,20
16,62
104,15
133,180
0,151
43,142
100,194
197,10
67,19
133,170
14,118
122,4
10,164
108,72
135,120
181,142
44,159
76,44
34,123
118,54
58,54
96,187
185,6
17,41
91,66
87,108
159,20
120,183
52,169
37,79
131,99
182,85
44,185
120,21
130,159
162,148
122,18
174,165
70,179
130,185
35,10
188,165
168,106
18,137
169,10
5,70
17,60
38,94
81,73
66,197
162,54
67,101
187,131
124,4
59,1
118,134
75,140
175,108
4,30
4,153
28,143
17,112
152,199
60,77
153,143
29,178
90,70
48,39
59,84
119,34
87,171
37,152
84,195
166,137
191,107
137,153
72,100
77,90
49,187
37,32
188,140
8,133
61,123
31,29
62,5
38,7
62,99
80,59
118,143
46,100
78,116
78,80
169,128
157,19
57,131
116,27
142,4
68,191
124,75
172,178
168,160
197,175
85,124
169,181
38,45
198,20
60,191
40,185
57,143
195,22
189,72
106,147
133,64
129,155
47,118
148,112
142,172
171,154
22,104
85,118
141,155
31,100
162,28
59,30
43,52
61,154
73,172
74,66
82,103
195,7
65,161
132,81
66,195
102,89
34,63
45,19
67,95
116,156
14,160
114,155
10,153
18,86
40,193
58,61
178,172
50,75
164,24
53,137
183,191
182,174
179,6
65,60
2,82
147,52
176,194
93,147
160,12
107,160
149,39
103,170
3,175
149,157
54,196
130,113
180,19
71,192
49,129
23,156
39,27
35,91
195,66
82,79
66,6
102,145
84,51
33,178
54,176
32,138
2,162
68,97
71,40
90,28
91,72
183,16
161,196
180,98
37,27
92,103
26,176
2,176
88,86
12,11
117,55
72,66
191,140
144,144
31,147
126,140
126,41
152,86
196,100
17,92
190,197
116,98
124,131
120,83
32,57
100,49
190,28
7,161
124,72
89,84
156,53
86,161
122,107
3,161
16,95
97,92
33,134
82,37
81,159
30,28
61,110
139,24
6,176
67,148
13,146
103,181
186,58
26,58
108,44
99,181
144,166
23,55
96,85
8,96
97,84
92,68
158,166
184,77
167,119
49,62
124,180
52,54
139,16
183,181
190,97
89,124
180,140
197,151
56,93
45,78
64,173
96,76
22,155
69,196
87,191
48,102
36,119
199,184
144,40
148,171
140,111
184,192
2,163
83,55
81,134
25,106
193,156
136,114
81,154
186,140
186,122
165,85
184,194
62,142
95,39
43,159
60,151
45,33
160,1
84,137
14,116
179,38
110,62
117,136
37,91
176,65
40,197
100,2
108,92
38,132
153,53
129,191
153,122
190,104
110,54
14,190
34,33
156,31
48,158
104,160
84,44
31,105
189,141
39,141
75,108
192,0
133,3
104,189
194,198
150,56
47,87
161,147
29,9
77,121
11,70
124,3
18,98
66,6
45,113
60,151
79,165
187,85
17,101
129,44
138,198
58,57
116,123
58,114
122,55
92,146
183,106
104,178
90,148
128,90
164,39
166,165
155,16
75,130
117,193
45,76
144,164
102,137
62,48
120,111
24,123
191,165
74,72
104,83
182,187
185,39
26,140
44,97
138,166
31,157
59,80
168,142
46,73
18,159
125,173
29,135
148,146
82,114
91,152
33,63
43,71
193,50
113,162
120,81
154,134
149,142
69,72
123,89
39,32
131,2
67,77
188,172
108,10
65,1
147,157
144,129
4,57
120,169
139,88
193,182
26,1
161,121
185,73
108,177
84,146
91,126
166,176
43,51
123,144
130,177
43,196
124,181
93,5
18,145
121,68
151,114
5,34
156,174
194,121
84,41
183,101
35,46
20,148
73,12
133,34
175,38
130,11
71,82
30,167
175,96
184,187
126,31
34,79
183,133
51,96
51,99
75,183
49,68
12,21
181,183
78,22
17,13
118,75
169,37
199,51
80,45
103,126
58,158
111,41
20,162
178,96
109,190
79,128
91,172
163,143
184,131
16,135
27,115
45,159
171,129
48,109
41,67
149,31
2,8
43,64
25,17
196,54
196,91
184,43
110,145
131,138
144,123
126,60
169,82
33,130
6,154
94,45
68,195
155,10
78,161
194,135
26,76
6,162
171,170
92,77
82,90
5,22
39,36
71,19
35,15
25,92
161,180
122,149
51,52
175,92
115,102
190,101
142,35
85,42
88,121
198,146
140,131
188,143
130,197
61,127
34,15
9,43
25,14
20,6
185,179
100,79
186,71
40,11
71,150
140,96
35,57
199,63
197,161
94,68
34,123
98,125
77,179
113,122
3,158
135,18
7,176
60,96
104,13
69,78
125,188
51,123
65,12
107,173
197,90
179,128
0,53
70,183
93,63
96,114
170,173
177,44
75,72
63,130
167,13
190,44
98,178
92,8
93,40
104,114
53,38
32,17
82,48
130,137
173,162
22,12
142,131
28,106
140,133
84,95
62,130
16,79
75,167
40,40
14,152
146,153
68,165
103,177
65,113
153,26
100,196
114,38
159,29
3,16
122,44
173,50
51,56
161,156
17,55
0,48
34,57
106,185
171,173
93,21
152,160
69,184
97,140
188,34
59,125
130,122
148,131
157,43
156,93
127,97
140,145
63,121
196,104
144,193
60,20
186,16
99,30
41,59
8,103
146,11
148,91
5,61
13,160
181,4
30,150
39,36
193,132
158,48
196,147
0,37
138,37
73,38
98,176
134,111
127,40
144,84
79,14
156,60
148,176
119,143
91,173
199,36
114,45
29,134
61,3
57,58
19,107
164,61
32,101
72,165
142,182
76,87
14,147
29,68
35,69
25,76
196,71
198,36
62,175
116,183
35,37
79,35
145,82
168,68
119,158
162,49
127,91
145,169
192,116
156,41
163,70
65,171
29,74
5,64
108,144
115,8
83,88
188,165
9,117
157,120
130,144
25,170
1,5
196,125
59,61
61,165
170,128
138,47
49,119
176,45
143,57
35,149
104,114
30,58
140,180
181,108
60,123
90,176
24,89
171,111
107,188
119,86
194,44
77,0
81,181
155,157
132,58
12,170
162,184
178,16
188,160
87,167
138,120
2,37
173,155
2,7
27,110
144,80
199,68
80,69
155,68
86,32
12,79
81,161
74,25
89,96
194,112
48,75
148,2
151,135
86,155
6,174
173,148
148,39
78,77
54,0
157,35
189,106
122,66
50,82
191,60
163,20
187,23
60,112
29,17
160,12
121,181
148,31
110,7
74,37
178,20
111,141
142,100
92,186
94,146
76,52
113,27
190,194
13,78
150,68
74,101
7,1
135,7
96,124
150,61
79,126
4,23
21,78
5,90
20,55
78,162
81,92
182,120
165,99
17,118
174,78
63,56
67,129
125,20
3,74
113,101
34,44
141,58
197,162
82,2
18,20
79,61
123,22
27,20
63,78
103,37
154,104
106,48
84,134
8,183
83,43
79,83
136,96
62,2
33,176
29,190
13,20
42,46
170,144
90,197
133,164
79,48
4,119
95,61
80,1
90,110
196,135
138,8
58,80
28,69
74,44
45,1
102,83
161,7
173,130
59,133
23,49
134,187
51,162
147,57
59,21
182,79
112,56
72,5
138,179
132,136
157,182
174,176
148,47
167,196
127,86
38,152
7,190
27,127
197,82
3,35
163,11
86,7
24,70
124,186
163,190
12,8
102,13
87,126
117,38
14,117
12,133
101,146
13,17
174,183
80,16
191,181
103,97
66,146
6,21
58,78
13,156
100,15
181,145
89,130
50,118
58,55
160,8
46,22
13,44
129,195
174,165
74,2
188,111
46,180
189,156
186,35
149,116
146,102
117,74
177,42
0,64
25,129
87,85
8,85
70,18
27,58
73,106
140,13
86,128
181,26
184,134
110,89
169,164
118,60
105,193
9,116
70,42
130,179
61,82
167,3
195,87
157,54
111,160
123,76
121,197
117,198
113,40
110,91
177,99
122,131
169,142
107,136
155,5
44,122
94,17
131,92
110,194
42,58
170,159
163,188
185,45
123,65
35,142
87,154
35,144
173,97
104,39
71,91
75,83
92,101
120,178
88,134
194,175
76,40
68,22
21,83
166,7
172,8
185,45
111,85
195,82
109,43
69,180
35,4
72,186
24,132
48,170
10,28
35,49
114,135
63,15
197,14
167,74
73,178
144,102
151,148
8,115
28,19
158,171
182,48
79,156
55,103
11,45
88,180
1,78
152,29
95,30
142,134
75,42
104,102
138,171
125,138
87,134
181,128
93,186
106,123
81,188
161,31
173,110
197,133
167,14
107,185
11,74
121,118
42,99
168,138
99,154
96,60
65,13
170,156
42,1
185,180
118,173
71,181
64,51
162,76
196,22
129,40
7,128
24,82
154,81
6,172
29,102
165,10
165,164
88,3
50,26
47,154
196,38
46,99
173,58
107,101
43,29
137,37
37,35
138,146
87,89
48,107
64,194
165,75
128,60
71,186
6,143
121,80
139,96
58,7
107,91
184,100
88,132
101,49
154,164
31,107
103,161
52,69
9,125
139,139
148,123
184,135
82,28
190,159
193,93
197,59
98,87
125,62
137,133
72,101
151,54
129,62
110,186
74,171
92,67
129,57
135,124
38,95
31,154
31,188
67,156
132,123
99,109
190,39
198,126
120,24
70,191
161,14
179,110
83,153
77,121
75,30
27,100
9,123
190,129
46,189
17,58
88,19
144,26
9,188
129,42
183,15
192,187
154,187
174,75
194,60
90,160
152,6
194,110
130,100
148,165
59,84
45,106
155,16
18,35
105,94
76,25
9,152
199,151
137,24
121,32
96,178
110,139
88,34
87,179
80,75
110,79
158,198
94,155
106,178
172,177
50,26
22,83
155,8
102,5
55,78
130,35
34,108
148,89
157,163
182,69
105,36
110,189
2,6
189,59
53,53
6,76
119,154
50,148
95,193
148,49
26,45
79,135
154,79
27,110
90,135
106,55
163,165
58,75
199,21
1,143
178,95
96,29
158,73
13,165
169,174
26,160
36,26
48,113
45,31
160,124
91,91
16,184
60,13
101,150
193,199
15,96
93,26
40,167
73,1
6,40
14,64
156,97
33,126
36,100
72,173
67,161
107,70
130,37
41,110
126,137
133,83
139,60
149,11
113,58
76,145
62,81
179,186
63,101
70,189
44,192
113,117
108,180
59,118
99,113
52,4
110,135
119,30
163,33
189,151
168,190
125,88
96,66
113,118
55,34
71,58
196,151
97,91
17,75
135,70
183,183
75,140
46,44
58,168
96,73
48,62
22,5
37,180
169,67
14,119
90,52
123,2
55,159
37,135
144,193
20,49
7,190
1,198
144,133
162,7
168,198
189,186
102,94
102,145
27,62
31,180
167,67
72,179
36,78
12,189
197,56
13,130
143,131
80,43
116,109
95,182
171,35
86,184
129,30
135,43
66,196
140,90
47,70
166,191
110,94
49,95
115,25
11,2
162,8
56,188
77,7
92,45
38,70
41,41
145,123
59,58
147,180
179,14
25,38
90,139
27,61
113,199
44,149
167,67
44,184
159,0
141,161
140,128
136,54
77,26
36,183
29,42
146,161
75,56
120,135
162,184
185,104
77,67
117,194
28,13
111,103
88,24
27,132
141,153
27,18
158,75
61,134
9,184
66,93
163,42
195,127
54,194
21,29
178,174
135,47
81,137
127,75
121,87
96,16
189,76
48,62
18,181
51,32
68,118
174,4
94,176
95,155
16,147
53,138
104,103
102,33
102,116
106,134
115,53
5,33
57,79
83,48
127,153
109,110
49,171
117,103
24,139
49,52
42,142
89,12
197,92
69,85
38,46
67,88
118,114
187,158
11,153
181,5
60,172
58,159
40,117
87,139
127,21
43,170
23,116
126,33
111,118
155,34
181,159
123,64
88,155
10,6
165,53
144,28
6,177
88,3
29,38
130,19
56,90
177,41
75,132
196,189
183,23
180,192
138,156
193,28
67,70
77,53
194,50
146,163
156,81
143,53
178,77
152,49
195,168
11,143
41,181
81,163
115,42
43,93
2,15
143,21
100,171
2,122
126,100
2,167
7,147
139,111
97,26
192,124
129,18
30,17
31,158
179,14
159,154
106,173
104,55
13,78
93,2
129,83
7,104
70,70
71,75
150,146
30,32
95,152
182,49
99,6
34,162
115,153
124,108
141,1
197,12
64,83
72,0
166,24
132,96
45,45
110,183
87,85
152,76
30,12
1,68
188,151
105,168
35,160
94,30
12,21
168,77
143,122
135,41
144,16
26,174
107,16
92,123
56,75
144,148
192,12
28,51
23,166
109,163
22,101
128,174
88,124
109,183
13,1
69,192
44,156
98,38
137,37
22,21
181,162
36,42
103,85
67,175
48,162
13,198
82,158
163,141
146,46
66,9
66,70
86,183
158,129
61,104
41,12
12,69
174,161
163,87
167,130
47,40
174,139
0,109
23,80
159,133
86,88
11,14
182,90
123,117
40,57
179,22
140,195
166,30
137,73
85,77
1,100
48,162
36,31
16,1
84,87
30,154
77,47
121,140
24,184
24,43
81,132
192,116
143,173
53,85
150,99
41,99
35,59
33,66
144,195
181,193
67,104
120,22
75,79
40,179
77,87
8,177
173,145
85,61
68,84
165,133
30,111
168,194
48,5
60,39
133,113
58,118
154,36
163,136
117,148
132,45
170,175
8,162
120,98
83,21
184,23
159,120
57,92
161,129
134,16
92,98
137,128
68,27
25,142
85,94
28,136
109,30
121,9
132,2
62,83
147,156
147,7
107,3
126,185
127,197
167,127
177,66
193,181
63,63
184,144
82,127
94,23
19,173
27,113
152,80
131,44
58,187
66,163
19,163
166,184
60,169
109,55
22,1
64,35
97,105
47,144
62,50
94,48
121,113
33,147
97,22
113,71
93,32
127,69
17,135
55,135
156,1
79,11
69,171
96,90
9,84
13,24
67,172
88,133
128,2
148,8
5,118
28,26
151,70
80,162
155,123
39,158
158,168
39,160
149,50
0,142
182,37
127,148
169,92
97,53
109,152
68,16
108,106
161,117
87,41
8,109
166,128
188,147
92,112
117,128
29,33
52,47
81,192
126,54
196,9
98,109
28,86
155,35
24,36
149,64
195,44
195,49
179,40
53,55
127,178
54,108
185,173
64,155
187,187
177,173
46,61
51,141
137,65
146,69
188,112
90,91
15,155
185,139
10,91
191,48
19,7
14,61
151,38
178,97
33,129
156,55
53,48
170,199
185,171
123,110
125,157
172,192
18,130
196,74
18,185
38,162
92,27
145,150
65,109
109,128
105,23
118,5
139,68
187,102
28,48
185,81
144,144
67,69
62,123
15,7
87,64
9,89
96,87
96,134
164,131
199,134
65,47
4,58
165,73
47,80
46,45
54,73
102,23
119,44
20,131
73,158
168,90
50,179
32,41
168,5
164,155
24,22
75,187
62,123
193,42
114,61
43,112
164,44
80,82
113,103
40,52
102,134
18,124
65,3
186,191
117,109
158,73
162,170
111,81
105,135
15,197
77,32
97,112
2,66
38,116
24,95
122,24
97,121
138,40
174,173
132,13
57,124
131,183
4,60
105,106
184,17
16,58
16,158
109,50
152,180
161,171
157,14
119,46
34,188
144,23
55,63
27,70
134,96
113,2
150,169
63,37
132,98
108,66
41,94
16,197
56,4
143,86
51,161
40,141
189,117
83,44
104,158
182,86
128,62
52,184
53,30
103,182
16,92
140,113
56,12
140,141
174,45
171,62
78,125
157,69
37,198
139,162
12,20
111,165
162,110
23,98
182,12
128,48
167,192
119,169
105,18
140,18
85,65
78,114
74,187
27,0
37,10
90,173
20,76
24,29
73,58
181,172
24,172
100,104
127,51
45,33
71,0
164,16
184,90
13,134
53,57
189,75
139,182
91,57
113,80
31,188
163,113
145,58
7,90
148,27
169,159
100,78
2,87
120,182
7,74
85,0
144,147
7,119
42,107
179,83
36,21
79,118
106,169
80,150
141,21
149,89
92,7
83,116
119,72
20,65
22,153
15,189
185,144
121,114
76,165
185,111
146,111
102,111
110,181
141,157
110,111
91,31
90,192
23,12
159,195
59,96
82,123
119,174
1,17
184,86
74,38
143,132
76,158
87,191
50,188
59,154
112,5
28,128
137,186
134,44
51,133
72,64
144,7
112,44
85,53
171,83
17,61
111,69
84,41
95,171
64,59
171,118
68,167
72,70
168,7
126,24
122,132
68,28
15,59
9,166
81,129
58,162
151,18
77,151
70,16
69,60
110,127
167,51
58,49
136,43
107,158
121,181
81,193
12,50
152,53
146,191
173,34
145,166
135,21
70,7
0,41
3,81
109,14
136,155
100,170
140,171
109,6
159,88
195,95
175,144
71,191
160,150
145,48
149,23
34,25
56,79
14,83
169,179
29,70
37,2
63,126
105,188
94,59
5,140
25,153
41,144
91,91
163,63
16,127
111,52
47,184
12,191
72,103
153,87
41,147
119,77
183,176
71,58
74,32
20,118
81,66
33,15
167,27
111,38
98,106
103,3
165,125
18,114
98,48
58,69
179,71
23,181
82,162
187,124
22,101
46,5
165,10
67,118
169,162
133,52
139,14
74,158
16,3
127,7
65,175
2,196
198,51
74,70
167,38
81,129
28,93
151,194
22,41
124,91
126,128
46,98
195,51
149,124
126,132
36,180
170,77
143,67
11,44
130,86
107,87
173,110
148,176
0,115
187,143
176,167
167,48
186,180
159,9
153,147
104,48
125,71
45,34
128,98
86,157
5,126
80,115
179,116
18,178
176,55
124,180
142,26
11,84
162,197
49,97
18,90
44,140
142,169
129,61
30,181
58,99
0,114
173,2
2,111
117,57
20,187
108,109
100,4
16,97
38,67
66,62
65,15
160,134
1,166
10,132
105,149
82,82
179,71
59,90
194,182
155,55
160,30
162,135
96,49
89,41
161,159
108,132
154,136
169,64
82,192
131,45
175,124
190,115
72,112
119,160
131,102
37,150
115,93
184,10
60,193
117,34
196,178
28,55
63,44
152,134
12,73
14,98
92,140
11,154
46,79
20,158
113,40
122,127
166,75
72,61
42,97
95,128
92,34
101,63
31,158
111,48
171,180
74,75
19,131
71,100
30,65
58,10
188,176
51,142
145,167
127,188
156,162
169,147
172,194
136,151
161,87
108,79
184,132
57,193
2,23
77,43
87,16
50,37
70,32
147,156
168,130
176,12
172,160
29,112
39,174
54,28
31,83
69,135
40,199
14,67
27,41
5,173
67,66
111,95
162,175
129,44
54,158
152,144
55,130
128,6
157,60
53,98
159,93
76,97
169,98
169,116
149,138
59,162
71,136
163,81
125,32
156,116
118,176
172,68
25,182
27,17
119,138
66,79
168,133
160,45
40,192
106,144
12,0
7,12
27,35
117,48
72,73
97,99
23,154
75,148
41,28
165,163
100,68
19,63
192,0
158,192
173,75
84,170
166,24
152,133
57,138
125,18
106,67
113,157
118,144
130,31
120,139
55,62
103,140
52,54
187,43
78,1
161,103
112,66
148,157
195,178
26,71
19,60
51,32
79,142
100,86
30,112
142,71
46,156
87,85
172,176
22,1
136,33
64,160
152,177
162,29
34,183
1,166
53,148
182,173
74,140
136,184
99,133
60,166
89,144
47,67
79,98
176,182
126,94
103,183
15,199
136,6
80,141
53,29
65,40
50,89
150,102
93,16
197,91
80,83
42,171
20,8
148,88
3,182
169,147
57,134
106,173
143,157
181,2
112,37
151,82
157,109
183,39
80,127
198,5
7,125
178,35
157,54
23,67
90,123
47,4
153,109
172,44
143,4
20,152
18,80
43,61
24,126
4,26
52,130
100,152
49,33
151,155
180,28
95,19
98,117
185,173
74,81
166,20
147,98
132,43
134,78
49,84
115,26
79,36
192,82
187,183
175,66
116,161
143,159
72,130
30,17
156,156
56,29
146,84
86,18
197,80
189,50
198,104
60,131
26,156
78,101
38,189
112,44
199,128
53,11
190,14
26,1
119,110
81,126
60,89
101,53
71,165
9,188
167,65
92,52
179,188
7,4
188,106
193,109
71,52
87,66
19,170
54,2
58,18
188,135
156,194
129,66
82,25
35,93
182,77
155,78
127,162
98,53
57,85
113,79
145,106
66,78
118,77
182,138
95,123
19,100
46,132
80,87
39,69
98,182
103,82
165,91
103,74
80,153
79,174
136,167
50,187
179,135
87,68
72,77
89,137
71,11
17,102
126,150
155,67
96,38
97,90
137,177
102,3
62,16
146,135
27,83
24,19
92,41
72,0
59,83
16,134
85,127
79,150
50,22
179,60
185,155
114,166
190,198
147,65
38,144
182,15
18,148
111,182
188,16
93,83
128,181
85,39
99,127
149,37
121,5
187,166
138,76
110,166
177,183
141,68
127,173
56,49
70,72
92,144
66,193
32,162
81,81
111,46
100,36
99,131
174,161
55,190
62,197
70,93
52,151
43,44
66,77
181,127
66,90
187,33
11,3
86,63
99,7
171,148
88,63
190,110
93,20
143,132
193,87
64,19
192,37
165,43
80,149
39,135
59,176
192,110
132,193
101,30
11,198
14,98
195,184
84,130
90,68
101,8
196,72
90,0
68,130
74,93
115,198
73,119
34,18
60,92
191,138
53,156
166,62
22,119
87,91
111,85
161,145
25,125
72,125
29,5
4,184
117,43
58,127
50,42
122,31
47,187
117,147
176,87
177,79
137,185
49,60
177,10
117,187
126,120
15,142
81,19
3,181
62,128
119,74
178,155
87,165
122,19
57,22
34,69
50,80
173,167
180,67
50,147
179,154
164,21
165,195
71,101
168,184
22,140
29,66
59,66
116,40
129,78
149,161
15,15
8,1
106,163
125,100
0,23
67,180
165,34
21,166
142,13
56,42
59,129
73,85
147,139
95,193
105,146
71,4
81,36
105,80
84,122
52,69
122,101
12,107
113,77
14,169
2,26
37,162
109,104
190,189
196,13
166,177
124,173
136,58
44,149
18,5
156,113
60,184
166,8
28,26
91,151
125,7
164,190
102,107
170,63
14,22
86,80
185,5
118,143
156,182
90,140
11,85
147,180
30,6
187,180
116,31
154,34
160,199
11,59
117,178
191,120
164,78
61,128
152,13
181,87
178,9
78,147
81,46
99,15
132,132
82,86
188,120
104,107
181,128
64,36
11,78
123,15
64,23
13,1
19,138
21,72
48,186
43,163
174,60
150,34
85,14
6,163
116,83
113,108
162,75
29,39
15,118
57,88
34,59
129,4
172,32
144,42
121,168
138,143
71,47
57,85
92,97
49,163
35,155
10,40
28,111
114,88
108,55
148,121
187,71
120,192
24,135
121,65
180,4
80,120
45,30
80,94
71,71
164,53
182,57
128,152
98,72
64,51
122,159
179,118
150,136
185,60
185,69
100,192
18,96
143,21
65,115
165,110
62,121
130,99
113,76
158,84
48,96
131,144
169,187
169,167
56,40
156,62
139,110
47,162
85,157
114,4
197,81
144,145
126,27
151,77
75,149
185,154
92,83
66,78
98,138
135,35
50,197
150,68
87,97
198,152
53,123
111,164
41,64
180,114
63,123
176,32
77,98
135,151
187,122
66,7
10,138
70,114
47,187
127,37
175,141
146,145
44,93
120,15
68,138
196,88
94,16
30,182
7,148
114,81
128,170
167,107
59,175
65,110
199,34
59,168
154,11
39,194
148,152
38,115
89,2
152,90
158,99
135,37
154,145
126,181
35,159
138,180
127,100
194,97
62,15
188,46
144,113
65,28
119,190
182,24
19,58
86,115
0,126
68,11
173,130
164,106
63,87
132,43
41,41
5,68
130,173
138,108
151,13
19,149
80,123
92,142
34,57
41,3
174,48
154,50
57,162
129,122
134,149
73,145
52,147
142,109
130,31
142,199
44,103
168,181
40,117
23,97
192,169
65,161
125,29
112,58
191,155
50,164
132,131
164,57
122,138
78,2
28,139
149,74
42,187
90,199
15,171
173,117
12,94
73,134
155,114
57,30
128,8
107,48
188,83
75,185
73,42
192,19
79,124
190,110
117,74
113,105
50,76
100,52
62,69
172,189
125,34
146,22
21,186
7,114
82,155
193,140
103,80
148,4
102,148
21,18
139,121
62,80
195,17
181,118
160,21
42,142
129,22
101,55
86,142
97,169
66,76
30,74
50,79
134,69
143,108
49,44
186,174
57,151
194,8
127,59
162,169
191,171
149,144
67,70
90,31
73,95
6,118
39,152
118,117
55,115
84,76
86,199
23,165
41,128
195,5
96,101
188,161
181,64
95,135
63,22
8,140
121,100
3,88
170,164
32,175
9,118
88,161
177,85
64,54
99,123
139,86
162,28
154,140
195,37
46,91
64,100
99,127
162,13
61,38
15,8
123,5
194,41
162,178
139,138
26,13
131,21
148,45
154,173
126,71
100,94
156,79
58,86
111,165
119,136
146,196
20,41
184,0
142,50
5,47
89,183
127,180
154,135
107,67
195,174
125,180
126,125
2,190
16,76
93,168
85,28
126,172
26,50
115,126
116,69
25,162
13,63
106,31
49,138
103,193
72,74
0,190
46,48
82,17
39,41
81,151
99,171
116,89
143,128
188,160
155,81
95,191
191,170
137,125
103,0
101,156
148,20
33,131
93,24
109,48
21,20
57,178
126,191
165,161
36,60
121,96
77,31
69,196
98,111
76,63
90,167
89,149
49,100
38,26
136,190
148,27
16,45
70,113
94,189
66,39
164,52
56,113
58,4
149,120
42,56
138,133
110,165
126,24
90,7
133,48
72,190
143,50
168,197
191,67
62,123
122,11
137,66
100,26
112,164
100,190
147,66
99,151
48,4
100,87
101,42
95,39
86,14
1,65
146,139
36,76
181,157
8,81
140,60
151,65
39,136
113,153
30,58
134,50
199,19
136,24
182,1
119,119
35,39
36,145
3,196
38,124
52,67
95,141
7,77
107,33
7,50
103,76
116,70
36,98
8,122
136,6
64,45
160,36
137,55
41,70
121,99
160,189
50,174
196,149
149,7
180,16
165,176
170,50
191,47
65,151
158,95
174,174
98,37
96,128
104,113
2,5
143,154
10,197
110,155
185,67
44,68
56,95
188,188
61,58
111,124
168,136
29,129
160,11
0,199
135,100
75,119
102,22
134,30
174,183
33,165
46,92
35,186
52,28
50,131
141,116
31,23
167,136
58,73
15,139
171,85
18,182
127,42
113,54
160,158
108,74
63,59
53,0
107,9
79,157
80,77
151,45
28,107
165,120
52,52
19,168
191,2
175,170
100,136
28,44
34,106
183,193
68,97
173,38
98,145
190,179
60,191
59,151
158,120
40,54
121,39
158,57
86,95
137,103
96,8
5,20
156,72
134,76
169,170
60,143
2,68
185,90
78,142
144,160
96,101
166,59
88,67
101,116
103,36
40,11
35,38
80,81
78,135
172,155
9,48
44,56
40,115
112,190
169,198
166,194
91,133
22,65
192,21
166,192
117,101
113,151
28,95
134,116
57,182
10,117
48,86
191,175
192,66
15,53
21,99
128,146
173,0
22,1
149,133
136,148
132,105
93,179
65,27
122,70
91,154
101,172
182,192
53,20
185,7
152,143
22,72
198,15
7,128
7,61
166,123
158,197
47,196
39,161
166,100
66,27
155,57
149,127
21,169
23,196
11,169
30,195
106,12
39,190
6,82
83,100
154,97
25,73
118,9
110,93
44,172
189,133
78,144
15,104
64,192
29,62
199,81
129,29
69,1
136,108
175,86
101,59
161,11
144,34
169,21
51,182
25,181
93,26
177,51
156,124
5,60
51,172
199,130
173,14
98,66
7,163
83,133
121,0
109,158
31,19
31,173
36,63
70,38
36,136
37,126
80,144
114,186
166,156
103,172
7,30
46,35
160,69
59,165
69,60
141,70
15,12
156,176
106,112
198,111
175,54
191,93
22,53
94,42
92,73
126,98
29,163
31,179
96,66
111,110
14,80
46,193
95,152
170,121
126,94
171,90
42,186
141,62
59,187
39,130
178,19
75,115
195,89
51,111
147,175
66,80
173,132
4,82
199,157
54,37
39,1
84,158
130,67
20,25
129,174
26,16
117,45
98,161
122,188
105,157
11,181
143,181
55,192
167,131
88,128
120,0
135,177
89,158
173,55
168,47
41,76
45,51
191,156
189,173
123,104
126,24
176,155
105,117
40,8
1,112
21,20
174,191
181,63
40,145
199,109
10,38
62,0
112,181
105,70
71,45
84,99
147,190
92,164
75,194
180,100
6,94
17,185
97,168
21,87
97,55
177,114
85,193
48,131
9,164
57,16
175,65
151,154
64,15
70,67
72,152
30,146
155,133
93,33
58,144
14,66
70,18
107,46
63,171
14,152
23,12
44,13
196,189
21,37
82,15
186,3
10,155
33,43
141,87
156,145
170,81
57,13
49,149
130,160
100,124
152,83
170,110
68,154
49,71
168,122
93,184
141,32
197,146
26,72
197,135
9,111
157,66
35,139
34,154
10,139
5,87
16,14
138,41
136,199
65,102
60,181
76,2
57,76
175,185
129,1
109,76
91,151
127,38
33,40
143,47
62,184
69,30
187,127
40,34
186,169
186,90
140,104
76,146
165,155
11,154
153,91
89,17
194,10
183,4
127,43
53,50
126,62
186,158
106,59
119,121
89,61
109,1
190,172
184,17
20,27
117,169
139,53
73,85
111,88
141,22
197,166
61,27
108,45
68,53
175,48
9,185
75,2
34,96
122,145
74,146
30,11
7,22
185,30
103,40
198,174
134,160
96,20
195,163
174,113
126,113
94,6
10,1
140,147
38,64
2,168
66,85
162,153
120,81
92,63
85,76
124,93
95,48
117,39
66,192
99,115
3,135
70,29
177,119
83,91
24,198
161,194
66,90
109,176
32,103
188,149
42,41
87,143
6,123
180,27
176,170
165,79
199,23
160,197
12,39
39,167
101,72
21,194
35,134
42,114
154,132
27,47
125,121
9,46
75,154
170,61
177,139
149,144
7,61
79,95
35,39
105,164
23,57
80,168
9,170
7,175
52,174
49,107
100,106
161,63
23,78
174,157
116,180
86,133
59,7
151,62
175,115
147,86
9,62
61,23
198,141
5,45
194,99
37,59
30,166
15,140
161,15
68,96
129,187
33,107
104,35
187,1
112,31
3,44
1,114
113,96
113,58
126,26
28,162
50,88
112,187
80,108
132,57
26,63
85,182
46,188
118,160
14,2
68,83
95,49
58,160
59,74
24,167
134,160
164,172
61,167
90,40
66,198
143,141
74,173
103,98
118,123
129,181
15,76
183,194
9,150
184,192
24,58
56,74
100,4
3,88
140,22
153,77
113,133
149,152
72,19
188,30
7,32
44,45
57,50
121,109
67,199
161,79
36,61
31,29
159,130
168,33
26,168
53,67
24,12
8,158
122,166
52,3
44,83
36,167
112,66
141,79
48,128
116,20
113,103
154,132
110,129
59,178
31,13
87,150
176,53
16,189
187,130
123,108
191,9
134,17
188,83
134,193
122,66
110,8
64,56
123,73
168,182
73,142
111,88
61,157
135,71
139,141
81,25
101,117
29,20
75,97
131,79
175,123
110,23
124,104
49,142
118,162
180,115
1,189
135,78
60,18
110,23
184,131
59,188
58,13
153,118
107,77
23,142
127,7
53,157
171,114
78,36
88,81
89,91
75,129
82,69
120,133
30,170
47,33
180,144
11,144
153,68
39,48
188,25
106,121
67,166
121,77
161,149
149,13
110,99
183,36
27,32
103,9
163,121
47,53
173,93
167,146
35,100
123,113
47,136
174,56
176,137
80,26
143,171
184,146
76,32
73,146
142,192
67,37
121,156
92,91
123,146
121,43
107,81
199,35
51,30
97,97
160,150
50,100
15,114
99,49
194,18
150,144
193,95
34,14
35,98
123,121
96,26
136,72
22,143
109,85
55,114
175,109
177,114
136,110
104,59
177,84
190,42
94,74
18,5
191,126
44,156
175,109
154,133
98,110
47,196
37,61
25,174
160,9
184,164
26,36
42,161
29,160
23,4
175,69
62,48
27,21
29,116
134,137
58,105
29,5
91,66
161,181
170,73
14,177
148,177
66,65
91,42
35,188
139,0
12,8
164,177
113,171
18,96
83,37
88,175
154,111
152,81
193,167
190,49
82,16
123,180
92,59
186,79
182,182
163,74
48,137
62,46
150,4
193,135
16,76
183,116
67,108
123,115
118,126
124,196
143,142
71,10
9,80
128,68
46,146
185,57
30,52
172,183
132,184
140,1
125,74
91,179
86,188
49,131
26,33
89,180
106,95
60,130
180,119
123,173
192,70
162,187
36,48
15,130
40,34
127,149
94,31
71,75
47,122
31,70
83,173
6,62
193,78
134,146
61,41
194,160
118,98
174,103
27,172
197,23
35,109
140,0
93,53
46,23
64,44
173,172
100,150
57,158
25,99
68,20
138,3
144,70
48,148
135,60
115,91
146,126
51,189
48,91
171,31
65,46
189,61
142,103
2,161
123,0
143,75
47,152
113,181
139,192
97,157
104,122
101,120
14,70
159,55
74,104
195,140
146,56
79,190
198,125
31,118
64,130
82,140
2,52
140,155
115,2
65,195
123,172
104,123
167,193
60,56
195,191
148,176
34,115
9,17
175,192
23,75
177,184
75,2
140,36
194,151
79,191
196,156
141,94
36,46
199,165
162,50
154,95
57,164
166,177
58,98
54,87
83,76
184,102
190,133
130,34
110,35
172,156
173,118
97,31
103,156
79,94
198,57
49,53
136,102
18,47
115,53
82,71
18,193
12,129
129,44
120,21
26,132
4,154
6,113
167,131
134,5
184,93
103,66
179,94
153,51
170,32
60,126
50,70
125,116
99,62
149,166
170,59
65,50
53,134
72,85
64,108
94,24
13,58
28,145
31,147
86,155
195,164
98,120
27,106
14,195
19,158
113,184
140,111
13,117
130,143
142,36
70,35
195,94
150,166
74,75
71,17
128,21
165,95
79,125
3,70
77,156
159,71
86,182
169,11
179,19
85,92
71,106
110,126
38,172
67,123
143,129
158,133
121,155
164,64
99,87
34,98
70,136
133,190
181,42
187,38
105,7
1,120
123,15
44,117
180,26
195,27
152,97
55,193
5,170
150,112
89,71
144,129
21,61
62,33
155,160
4,166
3,99
194,185
123,35
163,8
59,171
109,19
183,119
135,0
78,175
192,117
183,10
46,121
173,176
26,111
8,165
87,24
196,179
197,7
124,169
119,62
56,199
54,50
32,23
163,164
158,11
27,85
19,183
183,90
161,18
149,51
5,42
52,118
117,177
181,0
142,193
17,69
151,83
122,36
138,115
3,180
82,147
73,111
1,137
103,106
163,151
56,178
83,24
95,12
60,193
191,80
116,125
77,6
141,145
66,150
38,124
98,184
89,197
166,189
131,194
140,105
42,79
9,133
18,183
10,79
182,36
138,152
105,9
131,8
99,56
75,60
132,73
123,159
178,132
69,144
116,91
97,52
148,24
175,4
3,73
98,82
191,198
105,31
169,188
76,150
77,28
77,116
162,178
141,114
152,102
91,80
26,98
25,75
187,45
133,35
188,143
2,139
54,186
194,192
13,114
22,31
166,54
86,162
48,4
54,35
196,88
183,190
107,93
104,99
128,58
65,154
83,116
37,177
86,127
52,39
181,185
4,123
90,15
94,116
126,190
22,66
146,19
121,69
150,66
29,67
149,199
129,117
196,94
113,182
126,91
166,183
95,17
121,103
151,189
125,56
11,47
109,156
142,112
69,146
5,197
195,37
173,131
68,114
68,30
3,177
156,35
6,172
1,110
1,165
127,161
19,76
137,80
3,194
55,124
64,135
3,118
34,174
185,23
153,153
105,184
64,31
83,36
30,124
84,42
62,31
48,109
59,69
163,171
154,60
16,128
198,42
128,60
86,157
152,191
138,54
198,65
196,142
153,8
36,113
19,167
44,99
101,116
29,176
128,63
197,167
63,49
73,73
140,85
16,167
170,103
194,161
27,134
11,27
171,86
162,105
123,70
51,45
68,102
31,50
65,80
84,142
46,167
48,138
44,131
45,78
184,35
115,28
120,137
69,109
146,88
189,179
197,31
170,17
9,7
160,134
52,89
87,127
44,143
18,38
46,169
132,188
180,94
159,124
38,116
44,59
0,18
8,42
6,178
183,177
21,0
39,152
97,15
49,46
86,17
169,99
108,3
119,140
1,7
83,5
77,178
79,18
69,39
168,129
162,71
95,145
53,122
144,112
118,52
148,184
108,119
15,181
64,172
102,21
104,191
75,2
51,46
162,9
93,72
76,93
11,0
31,193
160,178
93,170
169,199
23,136
3,191
109,102
66,172
57,114
102,77
68,88
0,163
187,10
87,87
161,54
9,15
83,130
135,166
6,0
88,35
175,97
90,99
192,47
58,175
80,6
45,133
136,117
77,46
75,55
25,22
173,187
123,185
138,31
116,87
58,186
123,8
2,187
4,98
15,8
63,113
123,199
29,110
109,192
163,111
50,4
20,131
30,101
187,105
4,37
187,198
51,19
1,28
171,45
108,174
109,29
160,186
107,29
28,60
23,123
85,151
165,194
109,199
144,119
98,136
131,117
16,181
182,131
182,154
87,46
80,40
123,193
29,54
60,93
61,183
133,79
114,135
83,189
195,181
144,119
0,148
64,192
104,129
133,185
149,180
39,110
44,142
160,29
56,95
121,112
149,62
191,192
80,186
22,126
20,72
50,74
119,126
74,184
73,101
99,77
59,22
28,2
161,110
14,24
95,166
5,69
171,173
23,44
45,134
14,164
46,129
69,178
96,183
29,131
179,50
7,182
143,28
153,38
10,94
166,106
168,145
56,168
138,152
79,81
60,11
97,1
155,5
137,6
193,145
165,97
180,74
24,100
117,23
78,45
61,28
104,111
122,81
79,180
196,58
30,98
5,23
158,89
20,126
127,102
164,33
104,153
90,104
175,141
34,21
107,21
127,188
103,7
57,135
109,102
54,130
184,167
194,194
82,83
90,169
174,32
129,101
131,58
137,42
179,71
33,145
137,79
146,143
11,89
48,16
186,137
26,106
62,174
161,114
9,88
58,5
47,22
61,96
1,78
154,71
23,8
8,167
95,197
164,136
40,144
89,108
50,189
5,123
151,84
191,37
57,10
143,51
123,3
66,3
163,47
133,171
171,139
86,117
68,25
79,77
73,28
62,41
50,176
81,87
140,11
67,163
85,8
148,30
26,36
68,74
39,16
127,190
180,132
41,54
4,134
68,23
69,142
151,187
150,137
157,156
84,182
19,66
92,39
90,157
189,78
90,135
13,134
60,158
27,139
59,49
21,82
0,59
89,35
197,107
179,15
75,15
28,108
97,171
126,28
181,193
116,39
160,162
47,175
61,35
42,53
108,104
87,154
159,135
166,72
46,85
197,10
122,11
185,139
114,25
3,46
38,6
50,49
195,21
73,186
92,6
120,32
0,112
51,111
57,150
163,112
48,26
74,161
112,75
184,147
6,156
133,116
179,63
73,111
30,190
158,93
40,45
1,154
86,10
87,25
172,24
46,152
123,156
136,89
41,11
164,53
53,158
181,95
78,172
124,99
7,25
67,120
63,36
174,96
15,111
129,114
70,197
150,121
184,69
1,132
167,168
39,54
23,60
131,46
105,10
84,48
82,128
56,10
109,182
27,160
19,180
58,172
144,87
97,44
20,156
21,87
162,97
121,86
95,174
120,90
96,114
106,98
63,9
138,99
19,161
121,138
147,113
68,86
155,60
197,25
87,159
21,4
41,181
148,40
192,182
87,199
88,145
100,19
139,187
41,76
144,104
43,89
90,114
161,186
115,95
187,24
135,91
145,87
196,195
147,145
130,158
67,64
149,103
177,167
41,4
2,193
3,61
2,75
146,184
162,86
195,48
77,173
0,95
1,85
45,197
18,69
126,148
122,42
97,48
188,68
89,85
55,184
13,49
29,115
31,189
94,99
129,155
159,3
126,36
153,168
7,35
24,172
162,53
0,24
198,55
105,124
98,83
78,46
181,165
10,176
61,21
66,43
196,144
44,198
59,194
156,162
42,87
93,131
8,197
20,47
151,96
52,66
94,143
54,79
162,18
124,71
187,54
167,68
173,22
9,152
67,91
161,94
120,156
136,58
45,118
18,104
77,165
126,195
83,16
130,7
28,55
118,126
121,1
155,189
107,122
120,195
18,122
144,105
79,115
15,40
28,192
192,32
166,25
23,50
136,26
164,126
133,151
3,182
72,84
70,144
80,104
53,42
122,98
81,159
184,93
2,20
25,96
17,125
198,11
15,21
117,65
169,139
130,168
124,193
52,69
27,100
71,93
134,15
153,159
139,97
197,181
98,4
45,29
107,23
104,91
143,192
102,129
158,1
114,72
23,45
63,194
19,5
37,90
102,98
176,141
102,15
95,165
169,10
4,173
26,91
193,142
101,138
163,46
27,57
132,78
109,135
83,10
58,46
92,93
24,113
10,116
97,0
59,77
123,155
113,174
110,99
65,175
90,25
33,182
34,178
199,172
116,62
131,135
9,191
34,184
23,14
51,179
82,97
21,98
97,3
43,151
156,90
66,40
75,14
95,163
158,60
191,88
184,146
120,115
84,41
138,85
98,20
52,24
101,30
104,51
97,177
97,167
168,64
167,151
143,42
97,157
2,59
170,118
144,89
25,107
9,45
47,18
55,177
41,120
91,170
135,164
37,192
40,129
160,136
69,55
187,20
32,35
93,62
181,179
87,149
181,124
145,135
79,102
38,21
85,83
151,172
19,159
104,179
17,40
177,90
66,89
100,2
79,97
124,45
135,148
189,21
90,88
106,9
65,166
154,11
70,191
188,43
10,171
108,69
160,149
66,97
15,172
152,16
57,14
100,147
155,155
47,69
81,163
162,35
145,181
31,142
17,95
165,143
173,119
145,110
5,11
54,125
186,128
83,152
108,99
192,126
39,32
99,173
95,45
193,84
149,178
104,100
98,116
6,52
112,13
35,146
3,113
75,89
116,85
140,168
18,10
35,44
162,107
16,18
117,27
70,188
134,53
89,27
67,71
110,124
6,22
61,164
85,96
14,186
12,193
115,124
26,50
166,3
32,11
51,0
147,80
197,185
106,180
7,139
56,19
181,118
30,152
67,128
191,92
190,87
170,47
52,5
33,198
2,177
193,66
167,71
126,35
178,119
12,19
4,195
47,105
14,112
88,93
107,17
100,102
76,172
26,123
24,117
51,68
85,66
6,64
95,191
104,174
126,155
13,20
90,173
100,94
92,182
138,188
100,189
139,188
20,2
149,20
142,42
113,99
164,19
158,6
126,19
147,107
197,105
67,117
179,30
83,39
42,81
93,5
139,107
73,20
113,136
135,147
148,138
157,162
2,157
0,163
40,99
10,140
197,112
160,179
199,72
141,70
11,149
132,9
29,15
40,153
96,106
27,99
97,149
173,116
150,133
75,179
115,140
140,189
70,14
152,160
115,108
92,166
150,168
25,188
143,149
107,43
41,130
142,53
150,107
178,60
82,184
51,185
43,62
31,22
26,82
173,186
177,144
66,172
88,93
110,36
171,60
45,111
124,107
160,11
92,186
185,96
25,168
191,172
38,73
14,196
18,9
92,32
163,5
28,120
169,65
103,98
18,153
90,57
106,44
109,199
195,128
176,50
158,169
68,5
157,53
136,12
138,43
69,13
100,58
102,172
134,27
51,30
19,18
56,9
42,151
2,87
109,182
75,88
56,130
59,34
148,166
185,106
16,136
67,36
30,171
154,28
69,111
43,153
107,1
174,128
108,80
186,164
192,129
72,160
173,141
190,62
14,160
74,60
83,109
56,140
115,124
23,199
181,74
196,80
61,177
80,141
130,199
104,43
162,93
87,1
59,178
121,62
175,81
69,143
45,128
104,100
184,108
119,198
173,110
0,74
158,163
19,199
24,0
81,4
19,120
75,105
67,24
34,145
61,193
3,49
177,33
4,169
137,63
104,130
39,10
187,60
72,142
108,74
103,77
186,44
182,130
140,92
180,70
2,135
4,6
160,92
12,59
84,20
67,29
46,36
9,86
45,48
180,65
74,167
39,12
61,98
11,38
18,174
78,26
120,129
53,92
83,190
132,178
176,172
58,170
48,116
32,68
11,80
9,139
7,119
175,152
167,56
88,162
100,93
42,118
82,174
173,69
30,135
67,142
121,151
18,157
47,184
182,57
141,23
169,176
12,90
2,163
55,104
98,28
96,67
185,81
179,53
118,186
154,172
116,186
35,71
195,162
167,177
141,7
191,159
158,59
69,12
69,25
150,190
192,92
125,6
78,43
156,41
52,15
197,125
119,24
130,43
100,67
118,19
176,32
199,60
109,70
196,36
20,44
32,75
112,164
143,66
165,182
116,31
188,31
50,176
35,138
60,98
63,11
23,25
21,63
84,33
163,98
174,119
98,109
73,98
10,9
24,22
149,30
139,160
185,181
186,114
123,166
11,105
71,77
69,10
28,125
0,84
26,17
187,186
125,126
130,100
199,60
21,0
119,32
103,39
70,118
104,100
127,170
29,140
16,55
179,173
183,14
156,155
149,177
156,82
49,198
199,77
158,17
165,106
53,53
53,74
182,65
58,167
180,65
127,145
83,154
134,112
176,97
10,4
65,31
86,121
168,164
116,79
99,156
8,65
5,93
168,9
174,175
137,149
39,125
170,145
62,18
98,79
152,101
162,72
30,123
15,82
91,86
16,81
199,93
168,2
113,97
57,50
14,13
78,191
149,189
123,8
145,135
124,54
44,50
100,103
149,161
17,5
186,11
151,132
7,50
90,198
114,191
5,49
81,93
180,5
175,72
6,140
62,88
104,165
56,146
175,131
26,134
17,85
108,125
53,23
134,1
25,79
172,167
84,123
102,62
62,55
158,144
18,68
141,181
121,24
193,180
119,138
193,111
16,40
128,96
7,111
125,96
30,33
26,134
5,178
172,185
83,124
180,154
186,108
127,48
29,6
52,93
82,158
56,163
159,56
12,168
149,185
63,58
36,71
162,109
12,124
144,40
42,169
135,104
159,112
16,98
153,169
114,83
176,57
90,128
83,31
76,30
141,143
84,105
47,74
199,198
71,35
113,173
138,59
37,84
145,89
113,49
185,9
152,197
111,51
10,64
102,33
199,22
175,153
82,25
85,111
21,31
41,104
138,187
137,44
70,30
50,171
120,168
162,164
139,4
25,145
63,178
13,92
154,110
113,33
117,100
91,58
59,154
36,75
62,181
131,161
40,48
68,82
128,147
15,164
119,38
38,1
167,0
29,156
61,185
184,9
190,15
127,78
17,80
3,163
141,22
38,170
47,129
108,177
154,106
52,45
65,46
60,33
160,83
150,174
79,125
135,2
174,168
7,183
174,3
110,28
41,186
40,182
66,67
181,191
186,152
37,122
134,103
138,30
55,9
32,155
126,190
54,194
59,68
15,29
54,124
41,187
9,199
23,194
102,45
92,141
132,161
72,188
181,43
37,96
182,13
157,70
72,172
2,9
81,115
121,90
159,156
152,61
103,133
193,19
92,52
144,182
62,142
12,85
176,166
135,23
99,182
193,18
192,181
134,96
41,130
167,37
99,78
136,10
185,2
58,166
112,94
104,101
100,33
46,189
167,2
69,178
11,194
13,83
54,134
137,18
199,93
148,48
133,26
57,128
75,62
23,23
117,40
33,179
179,63
2,132
21,117
115,150
140,46
15,40
160,187
110,20
38,190
85,83
158,39
93,46
60,81
153,145
175,161
134,13
133,63
157,180
48,14
8,197
29,82
72,101
79,179
188,10
174,93
150,44
92,133
166,46
50,120
199,6
43,38
68,21
7,38
1,111
155,119
95,81
55,56
3,55
14,27
12,69
191,99
107,142
91,61
199,11
52,106
176,192
88,41
121,120
62,196
143,14
153,69
68,145
191,132
66,160
63,50
87,126
118,18
148,36
111,166
122,3
122,76
155,62
122,101
99,18
21,192
66,45
65,199
38,184
75,46
11,130
23,139
69,103
101,172
186,117
177,63
82,36
198,148
14,105
96,67
182,142
19,6
76,189
64,53
74,190
132,22
79,124
55,144
116,91
123,33
118,95
107,159
181,140
122,103
6,123
158,46
180,64
174,157
167,112
141,156
89,63
128,183
87,77
47,123
12,107
87,4
13,89
73,194
49,105
44,61
63,134
185,66
116,99
8,102
135,81
115,100
93,22
129,101
2,104
148,128
131,9
29,153
86,172
82,129
132,51
93,173
139,196
8,35
195,49
97,154
88,128
146,84
175,127
9,134
179,152
55,123
54,187
150,161
176,94
91,169
125,15
167,160
34,140
98,9
67,86
17,11
48,110
148,7
152,16
69,117
72,121
97,90
114,159
112,144
87,59
83,2
63,107
70,91
11,177
31,192
184,58
116,70
21,124
38,137
56,22
73,103
40,20
13,131
184,182
187,105
81,53
114,122
52,136
58,136
123,69
164,152
151,165
117,39
182,47
128,60
16,52
121,84
157,122
56,59
173,166
68,55
75,176
198,108
69,129
103,116
154,75
100,27
122,149
3,138
11,97
142,28
131,198
29,16
191,129
140,123
22,50
48,91
142,180
137,40
6,3
114,3
140,68
145,87
11,9
8,110
135,95
95,10
47,23
164,175
198,183
3,73
146,21
119,53
93,164
166,8
6,175
94,164
192,110
166,82
81,86
103,25
171,68
39,24
163,182
83,16
197,37
17,143
119,193
105,53
178,158
127,190
118,81
85,96
146,65
47,138
28,128
108,69
28,199
73,136
55,96
88,46
42,6
117,70
185,61
174,60
199,20
195,82
68,102
188,136
118,148
149,88
151,55
95,179
157,119
100,192
152,116
128,41
78,8
7,96
40,47
57,61
139,155
161,184
171,115
10,44
107,58
104,171
117,166
197,121
194,14
84,145
143,94
177,52
40,161
90,180
118,171
185,87
40,46
170,164
146,3
132,16
133,60
86,116
19,180
109,14
182,26
165,69
70,66
32,140
56,104
127,192
76,48
16,80
166,99
99,136
72,52
164,77
171,14
111,28
143,63
0,137
150,190
114,159
97,62
179,167
111,148
115,88
152,38
159,183
87,182
99,161
151,161
123,77
42,127
139,189
163,77
190,168
3,180
80,145
116,24
182,61
170,139
199,9
14,177
42,186
148,111
20,131
116,117
2,10
29,104
38,171
183,185
26,114
42,161
53,98
145,123
187,178
155,27
156,144
199,132
82,66
21,122
115,104
64,59
95,100
62,160
176,12
129,149
176,105
156,174
36,116
16,36
145,190
63,48
175,103
81,148
178,94
179,40
67,26
147,67
89,126
54,39
199,174
41,37
129,175
92,167
81,185
122,94
112,19
171,144
152,144
62,4
18,3
141,119
126,60
72,167
158,87
114,45
83,173
44,148
174,122
102,54
92,59
160,172
108,183
27,98
120,157
61,122
152,110
187,167
187,154
48,95
189,198
9,146
88,6
122,193
71,131
196,172
128,82
175,158
60,68
153,123
122,189
21,59
22,90
59,85
105,75
28,109
51,19
40,34
163,0
1,177
141,15
62,154
48,157
14,13
116,182
116,162
151,155
136,130
58,12
63,196
142,157
72,170
117,95
74,142
75,13
54,104
173,30
153,30
103,9
179,149
30,115
32,162
50,70
52,135
97,101
73,97
76,58
135,168
26,161
155,116
57,154
100,58
133,7
66,112
34,165
73,138
92,7
13,71
65,41
137,173
171,159
142,38
100,197
154,152
86,14
66,129
75,108
154,192
153,85
39,181
100,44
82,198
17,30
105,22
9,148
189,73
121,194
125,44
113,98
2,99
41,81
198,187
102,177
24,133
43,86
193,51
24,101
169,165
35,84
5,183
71,156
32,3
9,144
123,4
116,138
159,77
77,71
158,153
107,6
157,36
136,20
49,191
11,4
33,103
95,100
117,40
160,118
41,134
143,107
30,187
21,31
96,87
33,111
128,48
22,133
148,179
16,170
73,82
11,143
77,149
30,58
134,162
198,119
26,44
186,46
126,110
70,90
71,3
173,52
164,5
197,128
186,170
183,167
37,84
107,174
39,39
56,112
9,160
48,10
47,130
113,156
172,176
92,161
87,23
32,70
104,191
174,67
42,55
29,126
149,137
15,40
24,168
76,59
156,169
94,145
62,137
174,139
128,146
198,79
163,194
26,38
92,38
94,23
183,160
82,64
153,40
140,47
73,198
17,0
139,163
171,94
32,8
191,18
86,13
77,143
142,96
56,18
20,189
32,45
77,108
23,61
104,140
167,177
64,163
102,15
2,129
52,72
195,117
132,127
50,118
160,127
82,46
26,151
150,181
154,170
53,28
19,44
44,109
105,96
143,174
141,72
50,9
60,75
140,171
168,90
113,166
62,73
73,49
8,137
36,44
63,18
24,169
20,65
185,131
74,132
8,93
196,58
7,168
72,70
153,172
63,30
41,69
181,29
190,8
101,147
134,58
79,99
31,60
172,17
116,67
10,114
65,53
132,104
92,17
7,66
51,47
76,11
102,136
94,112
22,40
16,79
158,15
57,112
147,125
159,30
71,27
93,196
140,32
195,8
25,170
127,110
147,117
191,109
103,101
167,166
117,90
12,134
58,130
150,47
164,199
188,141
171,192
95,56
70,66
71,189
134,152
164,168
129,71
88,122
199,121
57,152
142,82
81,36
109,108
155,46
57,198
111,159
1,84
63,152
158,122
33,100
168,113
123,196
146,174
189,57
92,157
149,32
195,71
196,85
44,93
158,12
16,30
147,122
168,103
22,167
104,135
123,116
177,37
116,169
153,179
182,48
23,51
155,14
183,69
85,48
90,119
144,138
2,119
50,99
175,99
72,51
154,36
78,76
190,59
42,178
18,44
47,43
85,199
120,89
171,67
62,133
145,179
190,58
81,48
37,89
17,40
173,89
192,143
183,195
77,83
49,62
172,168
22,11
3,63
2,144
154,190
107,179
127,119
3,120
71,40
110,103
116,12
13,77
140,94
183,79
129,116
157,43
91,173
99,184
116,57
145,67
58,31
9,114
52,16
89,111
138,24
35,199
84,138
175,86
106,95
198,92
96,88
156,23
77,100
113,87
123,7
6,9
156,40
5,169
71,92
116,160
95,69
141,26
50,48
53,141
20,155
97,147
192,109
115,95
108,7
75,95
194,67
191,24
101,186
17,179
83,47
194,10
188,166
128,138
117,117
8,195
177,74
84,154
190,14
119,130
9,190
130,71
141,190
134,85
91,84
153,155
134,60
36,192
130,158
46,116
19,175
156,56
24,103
193,22
181,195
177,142
92,26
151,105
103,163
120,151
179,76
83,164
150,75
120,115
2,156
186,6
163,148
142,147
32,20
49,168
60,30
158,40
179,56
199,180
63,177
182,170
42,18
161,159
2,46
157,30
46,38
184,79
98,91
177,180
112,136
39,52
104,18
147,23
84,14
85,77
183,112
86,153
20,130
163,140
19,56
27,2
24,145
137,191
80,16
44,195
60,111
99,103
39,108
185,33
59,122
94,103
150,64
67,144
171,183
103,103
103,181
72,26
173,99
21,68
22,197
41,165
117,128
190,102
53,120
182,91
99,27
69,141
11,133
179,17
59,100
180,34
186,124
10,43
169,117
13,61
32,8
126,73
76,64
136,127
27,159
78,53
166,8
171,72
131,174
152,142
154,133
19,197
60,85
63,135
29,151
2,32
161,147
146,11
133,54
53,85
69,36
153,153
41,44
156,136
170,90
29,111
168,197
153,169
140,105
82,41
57,43
83,159
162,195
87,106
177,63
47,108
121,34
41,3
75,5
189,92
98,118
175,34
117,74
12,159
2,149
11,107
156,108
138,86
19,144
158,186
10,149
69,98
156,141
138,102
29,118
90,42
86,86
87,123
144,138
172,74
95,99
7,158
188,40
144,16
176,94
47,12
148,74
159,129
96,14
70,30
66,150
132,122
141,103
118,46
70,6
9,187
134,180
12,179
55,46
138,10
21,85
141,54
159,155
37,71
104,13
105,84
100,39
90,77
76,64
69,144
158,44
12,138
45,76
197,114
135,161
192,153
93,60
196,79
188,151
164,153
17,16
127,65
114,60
29,185
173,105
188,98
164,128
97,32
186,73
188,64
5,119
67,54
30,164
46,131
138,197
137,137
159,116
96,33
1,8
148,132
189,47
189,136
0,113
186,29
77,26
77,141
58,136
114,101
29,58
122,135
6,12
77,129
133,120
188,18
41,148
31,158
22,101
55,109
95,31
9,125
91,149
38,197
109,120
85,14
199,53
90,142
14,24
2,2
8,67
16,173
179,93
189,182
108,20
6,137
107,123
97,28
64,92
122,24
105,67
194,165
199,34
152,26
23,129
17,102
22,98
171,162
56,13
66,196
164,123
122,27
8,36
159,75
92,191
82,118
13,95
51,87
84,81
193,94
186,163
71,186
111,60
36,175
170,77
33,152
112,49
3,103
133,144
68,20
192,102
109,28
114,178
150,57
82,18
26,128
31,173
73,5
3,107
196,31
75,101
189,135
94,151
108,114
1,147
155,112
192,192
99,20
68,128
53,8
23,27
160,11
90,98
61,140
78,166
160,60
10,108
165,64
144,130
147,40
139,106
95,23
169,178
30,197
76,7
152,197
115,96
24,16
88,58
179,33
69,118
32,174
122,161
39,120
23,25
138,135
20,172
138,145
155,36
58,55
6,166
139,168
158,21
110,191
145,75
38,89
108,196
64,47
126,86
48,22
88,132
83,3
159,134
82,87
79,184
96,66
4,59
8,91
199,171
45,183
54,106
124,161
128,120
82,89
58,129
46,181
55,131
197,120
143,84
182,53
88,190
126,9
80,147
43,172
90,97
17,143
26,141
177,109
125,64
132,97
77,157
50,177
88,156
59,3
81,101
162,18
4,49
26,161
155,2
54,64
43,59
7,137
79,46
126,181
101,86
198,160
1,181
78,148
152,98
164,105
108,174
144,105
52,133
143,146
112,53
143,52
158,51
158,82
68,48
47,82
98,35
191,149
81,188
161,10
1,177
196,164
148,56
145,125
77,57
86,129
30,141
19,125
90,67
96,132
100,187
174,88
80,193
26,7
139,113
82,114
144,177
151,102
186,172
112,116
149,18
156,191
64,120
95,164
160,120
69,36
27,32
198,168
20,47
113,35
101,91
155,168
145,70
15,121
129,61
161,84
39,48
130,71
121,13
89,141
129,136
154,104
77,128
55,13
118,161
23,54
157,109
116,195
59,72
106,90
172,33
54,73
4,82
43,187
112,176
134,180
86,143
27,43
22,150
110,125
111,1
75,124
175,39
59,38
50,89
198,70
154,68
16,15
112,155
5,132
122,77
132,105
190,163
95,13
62,7
32,110
115,171
6,118
170,21
15,79
72,8
140,88
24,95
39,69
90,175
154,191
57,160
123,75
187,81
128,147
140,148
24,7
193,158
19,4
11,85
194,196
42,160
23,35
17,108
56,139
105,113
81,51
163,69
159,125
144,22
175,135
142,117
140,19
110,104
136,73
60,171
38,20
95,123
28,139
60,182
62,169
84,150
87,115
129,98
80,94
31,191
141,134
3,126
60,181
98,89
115,50
198,103
182,162
127,123
171,77
100,171
96,101
50,79
147,20
24,152
41,145
52,72
169,123
54,147
58,184
124,159
72,149
5,196
151,67
152,88
197,177
156,72
150,170
110,42
52,119
120,170
161,136
75,19
195,12
158,194
77,132
99,33
163,53
141,170
39,80
128,114
30,193
87,156
43,51
73,3
172,61
68,194
37,61
191,92
81,77
11,189
165,72
122,77
62,124
188,157
83,68
136,56
25,69
87,120
47,105
21,29
38,185
83,128
132,62
26,169
186,149
102,189
68,37
90,141
119,13
195,145
127,187
4,96
14,24
102,55
61,134
97,131
104,99
162,170
70,163
78,108
11,66
7,93
107,99
149,108
106,121
86,100
173,17
17,42
160,59
128,86
108,97
56,85
150,13
75,70
188,193
142,113
121,104
66,67
188,194
42,50
71,197
24,62
123,22
178,134
103,157
114,28
118,11
93,26
125,161
44,60
93,27
4,129
22,153
25,107
97,108
54,166
99,112
147,13
172,0
21,75
39,88
41,143
152,104
34,39
26,25
125,14
21,191
75,72
36,138
42,122
195,46
123,5
106,40
64,188
24,75
164,76
126,78
161,147
186,181
167,155
157,75
135,181
129,82
142,9
22,87
15,199
130,54
14,0
185,159
40,8
72,4
154,6
193,111
187,89
12,46
56,189
133,88
147,117
116,153
170,147
110,75
153,74
60,128
173,120
109,177
44,66
141,170
124,28
156,66
158,196
116,129
92,38
192,174
198,194
199,0
139,17
142,58
133,40
58,186
184,164
57,165
49,187
22,148
60,130
72,184
128,6
61,13
121,195
188,129
197,65
5,182
143,12
77,184
62,169
10,11
146,112
163,141
135,101
143,99
8,23
46,195
105,60
68,35
34,8
135,95
162,136
56,94
127,157
92,112
84,130
23,54
147,75
39,98
105,89
108,174
179,113
98,1
45,92
6,43
127,178
77,60
130,66
45,109
137,135
13,162
16,34
185,59
66,64
155,37
133,196
24,165
179,61
53,191
73,166
57,170
87,9
72,9
194,11
48,188
31,79
22,41
167,62
68,45
187,149
31,97
50,107
190,40
40,127
54,155
195,89
117,180
28,112
51,94
109,199
155,51
138,189
68,123
154,153
98,172
129,167
187,192
76,122
25,147
62,33
61,25
53,52
94,100
79,96
29,86
137,120
8,9
185,61
35,75
102,115
24,140
161,109
46,155
12,47
3,153
29,51
138,174
123,100
199,69
194,7
7,189
132,73
80,3
57,193
37,48
167,80
45,50
105,42
11,189
184,25
68,147
128,89
171,128
9,44
122,195
111,165
197,44
122,36
195,185
66,33
173,48
28,0
93,169
114,74
69,18
103,153
153,90
52,140
2,104
117,41
181,15
102,108
83,122
28,11
19,127
9,28
97,14
29,146
164,80
102,63
85,46
148,122
15,113
189,143
26,35
49,143
139,70
172,47
137,155
149,93
81,6
138,16
168,77
15,98
192,43
37,50
36,31
189,2
157,145
138,127
58,45
0,91
173,108
136,128
101,133
61,55
62,185
40,60
180,39
119,95
173,10
98,3
112,197
62,100
95,40
51,81
51,144
133,163
24,146
190,83
106,4
195,13
188,53
178,123
112,54
150,110
187,6
174,13
102,129
46,134
65,115
99,114
119,68
57,7
66,28
37,100
21,114
153,153
171,113
78,59
187,29
116,183
13,31
14,164
55,103
176,170
108,153
150,41
121,188
45,83
36,23
195,61
58,136
64,125
196,57
156,10
42,197
14,178
118,181
58,137
26,112
70,21
0,191
15,104
108,106
186,88
97,1
192,2
99,158
8,153
170,15
145,190
89,144
48,76
27,183
113,136
148,198
15,152
65,182
65,153
80,80
126,174
63,136
47,102
36,11
169,79
99,113
123,181
93,42
73,157
106,161
189,72
94,155
199,123
195,76
153,158
148,66
133,161
113,104
90,47
152,80
42,91
109,196
56,14
171,95
62,195
177,22
55,118
91,198
43,14
186,170
111,21
155,154
62,52
38,121
184,68
131,90
107,139
178,177
189,179
140,43
72,32
94,142
80,70
110,64
165,36
71,13
131,57
125,170
90,179
66,60
32,163
32,47
158,129
132,193
2,77
74,144
47,80
61,21
155,130
173,95
180,115
28,50
180,119
1,163
192,172
108,199
92,8
0,139
84,52
189,148
104,198
92,133
106,141
126,97
75,123
136,197
57,85
77,57
82,8
61,168
78,146
191,5
73,93
145,30
152,10
56,185
163,91
28,1
7,87
176,85
76,12
136,139
110,116
33,120
83,140
142,4
98,143
190,49
163,70
171,71
199,133
66,89
160,42
145,110
110,13
186,51
177,74
99,47
136,42
77,113
26,112
112,192
179,152
141,11
102,137
20,162
71,119
143,166
168,90
184,117
37,173
119,58
163,107
133,164
61,111
197,91
115,150
19,95
195,96
93,142
7,89
6,41
46,135
107,110
60,22
140,133
59,130
199,120
141,151
53,154
74,91
172,85
32,130
45,192
105,164
197,144
97,110
155,180
73,143
115,160
185,197
40,180
78,56
143,37
185,76
107,115
13,148
64,114
180,86
41,111
66,27
149,34
88,97
10,108
81,63
30,120
53,94
197,58
172,140
115,76
71,61
123,175
145,20
52,22
125,167
105,154
34,119
5,143
32,87
122,109
38,182
97,56
137,181
99,37
160,144
148,118
27,12
194,116
192,103
171,89
99,29
170,198
79,46
64,1
97,154
85,64
27,96
72,104
137,31
183,188
113,77
90,168
0,42
45,41
50,101
97,104
12,50
187,1
99,15
114,61
198,167
36,139
77,35
82,85
145,73
24,177
31,45
72,20
182,133
91,126
98,24
134,164
55,65
127,105
58,193
29,120
121,20
136,27
27,40
157,26
76,19
161,75
174,191
167,176
84,131
44,164
178,114
159,82
151,110
180,3
21,154
162,106
55,152
15,48
179,133
197,52
151,9
155,151
122,179
7,89
148,77
186,34
162,160
177,198
101,2
26,170
186,180
180,159
151,165
92,84
113,71
173,38
120,152
173,82
15,148
119,87
49,19
27,28
112,99
166,66
36,123
43,19
161,58
5,143
41,158
62,84
140,12
122,110
113,183
154,188
46,49
135,131
155,94
38,0
126,140
14,138
31,81
126,93
193,54
195,11
37,22
66,30
30,171
13,2
15,185
102,85
48,37
184,179
152,25
170,28
117,195
128,40
133,164
90,33
181,130
55,16
93,128
158,28
39,7
187,195
118,37
163,20
130,40
29,169
91,85
197,88
57,124
113,140
56,38
167,99
187,138
35,59
71,44
85,29
73,89
15,155
81,13
86,44
32,129
192,138
190,167
1,175
180,83
97,61
66,65
152,67
141,170
68,199
121,24
199,108
122,105
118,1
160,163
156,38
15,165
147,118
124,182
136,153
18,46
46,112
168,2
100,123
156,134
150,92
131,76
104,47
89,115
178,54
169,123
42,86
96,11
16,130
187,146
187,70
106,176
21,83
136,35
112,123
194,148
71,54
190,47
163,142
18,2
8,30
42,180
37,131
70,10
41,32
0,68
106,71
36,165
139,23
128,185
63,57
163,87
18,192
85,1
57,71
43,130
56,123
108,45
10,76
51,135
69,115
85,116
33,87
194,32
188,104
64,106
41,15
99,58
40,79
88,127
139,196
19,164
158,166
39,18
11,29
4,103
138,110
139,53
189,47
72,172
119,128
97,170
160,140
105,2
71,5
76,1
178,75
178,152
125,18
90,30
58,141
24,74
75,96
161,91
163,107
68,8
104,171
52,162
70,122
148,163
116,128
123,177
33,61
108,5
49,158
142,72
25,24
54,5
106,1
28,120
194,118
122,156
195,44
140,11
32,148
41,64
35,74
73,153
179,166
52,84
41,135
136,189
175,73
112,196
50,150
28,126
153,104
95,47
79,3
178,172
23,7
171,178
135,132
61,37
163,189
152,48
186,76
21,62
98,47
107,121
49,147
32,9
189,132
47,195
27,156
112,110
175,10
38,175
95,66
104,178
56,41
51,141
95,8
83,156
24,189
48,75
102,159
21,104
129,61
7,129
190,4
121,4
160,124
53,61
167,95
194,13
97,179
133,174
55,14
157,132
143,150
126,24
109,60
162,137
180,149
193,138
53,166
196,109
166,56
169,145
44,127
73,87
168,153
99,44
96,15
13,102
133,47
129,112
163,168
68,192
1,99
135,95
94,151
68,59
52,131
78,119
70,164
136,194
15,36
179,179
198,102
12,8
174,42
90,198
147,126
92,75
100,40
42,69
114,151
150,131
66,33
59,89
178,43
141,64
14,187
7,180
89,7
118,24
7,40
91,38
57,3
107,28
187,84
112,23
82,122
83,136
197,85
4,133
115,80
39,83
87,44
187,181
90,99
182,139
123,32
190,36
91,191
150,171
123,4
120,151
104,54
15,108
198,144
82,167
29,126
174,152
84,144
186,87
101,118
15,30
152,89
84,152
155,164
63,59
65,192
93,192
88,167
160,7
169,119
89,196
173,126
55,96
8,79
155,108
6,185
169,131
145,54
47,158
36,53
192,82
28,2
167,158
69,35
161,152
148,43
122,174
76,110
58,44
97,21
168,52
166,100
52,77
83,88
191,136
143,43
197,50
52,4
181,168
156,55
111,57
22,163
193,3
185,109
102,35
156,93
160,185
168,107
76,162
31,124
16,160
66,3
161,117
87,35
132,61
20,190
124,161
139,178
17,158
172,185
95,107
7,69
9,65
13,117
53,47
139,191
167,60
33,62
66,66
193,9
85,155
28,28
194,119
141,142
136,91
103,66
70,6
174,111
156,88
8,12
9,198
46,6
25,115
22,36
53,196
87,143
120,22
190,189
182,46
190,53
141,131
72,97
39,62
31,197
102,124
54,108
108,30
165,165
130,175
80,154
105,135
23,117
140,113
190,149
148,52
123,53
145,40
42,104
105,91
118,22
135,90
57,132
64,131
111,42
119,156
55,141
197,49
171,94
71,138
98,99
37,103
140,53
75,140
28,55
79,154
147,30
88,119
151,121
160,60
91,95
113,122
47,141
120,137
83,37
90,97
154,190
24,41
184,36
81,170
128,1
14,104
112,23
141,11
49,135
27,156
32,42
78,140
51,35
93,149
15,127
170,55
148,125
144,107
166,110
93,11
146,77
58,35
93,35
1,58
92,159
127,91
58,15
113,182
121,171
144,27
91,10
57,83
151,0
174,59
149,5
144,93
159,129
13,89
127,167
132,132
111,167
165,77
46,116
81,122
175,32
94,179
46,132
144,24
37,168
148,109
4,27
167,153
180,41
190,112
4,150
63,152
100,76
138,171
60,17
20,116
8,135
87,130
155,155
66,177
3,84
4,89
89,185
147,190
21,3
128,89
12,51
85,152
96,161
38,7
65,38
43,55
114,110
18,169
107,111
17,78
77,26
168,11
137,140
93,171
196,19
157,135
190,40
128,75
59,70
168,153
130,112
55,191
73,20
127,199
78,194
146,96
157,22
115,62
173,190
15,3
7,161
95,9
23,153
167,184
84,23
188,35
83,192
192,47
27,178
147,43
9,39
105,150
162,2
161,98
24,110
84,85
111,179
156,171
43,137
106,99
108,94
157,167
57,153
7,19
186,55
144,4
112,66
75,75
118,73
13,48
112,66
194,58
169,193
135,41
116,74
159,61
162,66
75,56
110,25
194,147
178,23
7,169
53,105
169,176
84,133
67,82
26,51
189,17
92,95
23,149
108,1
108,60
127,179
70,155
114,144
137,36
144,184
118,102
74,140
107,121
135,123
81,14
4,168
140,71
120,132
73,79
188,143
79,122
26,108
114,183
105,113
7,29
179,163
196,182
198,86
25,69
154,63
117,52
77,85
14,116
23,132
135,5
148,50
125,29
1,160
34,38
186,99
67,105
12,119
71,47
91,39
90,123
32,160
62,128
82,51
123,198
60,146
76,138
89,27
76,124
43,16
5,114
91,36
157,49
129,61
56,55
160,132
58,103
3,58
176,161
170,84
194,84
79,100
172,163
140,153
36,15
93,154
185,198
109,192
117,74
75,104
124,13
54,103
163,138
143,106
157,84
12,130
80,9
58,142
55,6
55,114
84,171
44,149
194,96
26,157
179,25
147,85
54,172
70,195
30,128
185,187
117,130
26,179
70,199
76,139
65,128
57,62
48,4
26,28
4,127
60,16
21,111
124,57
134,30
102,107
27,43
67,81
191,59
17,162
125,46
71,132
33,82
156,166
20,94
147,120
146,104
147,96
18,179
71,126
178,92
162,14
41,130
61,57
193,175
121,12
170,137
69,179
18,13
114,12
181,38
114,17
111,199
140,31
148,144
37,22
70,90
138,22
184,2
138,129
191,62
165,28
41,166
132,69
143,147
125,5
123,115
119,150
190,167
190,185
196,20
197,58
66,190
138,58
152,83
165,191
73,178
1,74
32,102
199,147
189,86
105,148
100,150
164,137
79,38
80,62
48,166
123,110
190,160
161,88
199,49
30,80
131,138
35,149
182,41
15,180
65,128
198,177
163,18
81,97
41,28
60,87
32,132
171,102
68,93
43,172
131,174
42,135
1,81
22,124
65,46
37,198
171,192
73,143
134,132
71,168
166,85
4,46
132,135
114,77
5,120
158,198
38,76
59,87
105,176
159,145
70,92
98,169
82,68
182,32
198,39
173,11
137,75
184,82
178,109
165,47
34,44
84,61
158,191
75,47
29,6
10,114
184,56
42,17
84,121
4,159
15,12
91,22
86,198
49,127
11,153
88,29
182,10
88,166
81,179
182,38
137,88
60,83
66,61
59,46
191,26
23,101
78,49
185,49
139,42
120,139
39,46
44,197
35,15
52,102
78,119
179,186
22,50
74,166
23,100
191,60
103,72
186,132
97,84
51,5
86,190
177,14
149,187
69,166
171,157
40,102
178,77
117,159
199,60
1,26
88,39
88,140
139,169
107,60
174,126
39,190
167,25
62,101
61,111
139,194
175,62
144,133
70,177
165,132
191,4
24,99
35,70
154,153
28,197
41,140
11,91
118,125
167,47
104,162
178,136
4,120
59,9
67,109
112,199
15,191
13,80
60,184
173,157
116,129
153,199
107,165
78,156
4,78
100,19
59,154
152,93
14,125
155,126
109,157
144,160
99,111
4,99
134,65
155,122
76,199
101,165
90,46
171,50
193,1
73,78
102,157
59,112
161,11
129,145
128,193
160,122
44,44
183,60
59,39
153,69
96,47
182,82
83,174
72,140
199,89
4,177
147,32
138,90
20,79
43,173
167,89
98,109
178,168
7,26
43,187
163,162
0,67
62,162
5,46
97,117
24,183
179,81
84,187
71,43
153,89
150,76
59,156
174,148
125,32
22,60
1,6
199,48
65,94
13,180
193,125
18,154
155,190
43,89
2,181
129,114
57,95
181,191
37,42
156,193
80,6
19,111
21,63
57,24
17,146
140,82
27,179
76,68
64,4
196,8
133,40
199,22
50,31
46,15
8,180
18,156
63,89
91,185
25,5
147,169
66,58
3,121
74,14
67,52
3,42
28,95
73,119
41,73
155,153
4,114
48,161
7,118
21,74
167,24
188,124
0,71
8,132
53,9
31,20
110,161
153,70
95,92
50,107
72,197
45,88
74,99
138,151
23,28
39,68
36,11
188,139
131,138
83,91
77,128
42,117
183,135
174,174
5,87
13,0
88,198
39,166
184,127
0,122
113,167
129,148
187,73
110,90
123,66
62,148
90,137
55,170
183,105
21,165
154,78
179,144
124,123
40,40
135,98
4,69
49,72
96,10
78,187
128,61
116,156
4,20
93,185
163,162
67,39
0,114
139,167
137,78
122,122
10,195
89,129
149,11
77,105
49,64
125,76
35,55
152,29
147,194
61,65
59,118
34,120
146,169
54,137
122,139
38,169
189,189
75,160
76,139
189,157
138,22
60,129
133,135
156,126
93,190
127,169
2,59
30,125
87,12
34,159
30,25
68,53
36,49
186,49
50,120
27,129
4,174
149,53
43,27
193,37
167,196
139,90
49,170
195,70
148,76
122,134
39,40
191,97
19,3
13,42
127,123
21,9
93,79
21,139
9,56
126,194
169,21
87,127
97,171
176,95
130,145
55,100
174,56
156,167
49,114
23,59
102,199
123,91
80,41
18,124
117,179
39,4
104,103
153,15
156,157
80,123
141,134
129,59
12,164
68,108
117,33
195,131
162,128
72,56
71,14
6,197
100,6
105,86
170,120
136,127
98,113
73,136
164,16
108,135
166,97
22,129
106,6
69,152
89,132
18,94
123,124
0,146
59,68
168,59
65,159
106,172
126,60
156,165
172,104
169,94
12,101
119,105
122,120
91,110
198,162
83,163
100,53
18,164
167,53
139,118
167,171
46,82
135,47
164,8
127,110
54,144
38,117
92,75
12,4
124,57
163,187
94,54
161,165
65,5
98,65
85,193
173,20
147,156
63,63
153,54
87,97
61,156
36,8
7,41
183,51
24,151
5,109
93,160
120,89
13,77
56,179
141,151
92,126
147,80
150,157
61,132
51,85
179,90
115,135
197,138
160,7
112,23
50,77
1,195
59,198
166,26
15,101
166,7
163,0
146,1
100,16
159,86
91,19
85,191
166,171
29,118
53,125
1,182
103,146
134,190
84,54
0,11
160,18
29,176
113,71
121,21
102,20
142,198
22,80
161,54
85,69
181,48
109,81
96,58
20,176
81,97
45,54
153,89
57,113
144,62
50,3
13,174
190,75
18,144
28,158
99,13
51,104
10,189
62,154
157,40
4,122
101,53
194,156
182,95
166,63
188,15
81,180
96,99
197,27
131,19
76,93
184,173
41,179
46,148
135,29
136,3
154,143
101,168
24,188
101,22
93,189
93,138
52,28
172,24
143,80
117,33
174,51
151,118
7,120
126,20
4,141
66,139
126,79
59,59
29,166
75,158
101,83
104,96
13,171
129,100
4,66
102,137
44,70
91,186
22,35
117,91
67,67
45,40
156,66
194,82
51,15
138,163
120,82
43,61
153,68
121,169
16,164
98,36
141,52
110,8
154,109
133,73
71,123
105,23
71,112
104,151
93,92
108,196
24,151
188,70
180,124
190,174
3,91
105,78
58,23
147,184
28,131
72,115
185,8
27,19
175,101
145,121
4,149
178,141
134,85
89,198
17,48
87,177
50,105
99,125
15,58
177,96
193,179
186,146
70,116
63,91
145,179
21,178
183,176
107,41
29,56
157,5
68,61
26,168
47,144
28,123
174,41
115,185
176,67
179,25
144,44
35,66
172,176
8,180
107,130
158,123
0,86
49,149
99,54
83,143
173,157
64,78
181,153
69,15
93,178
100,84
31,155
95,194
114,114
68,77
163,92
54,114
98,101
63,179
71,51
51,20
179,38
108,154
47,146
66,90
164,15
170,0
178,107
16,26
77,40
176,171
99,16
120,154
163,183
134,152
53,29
98,42
112,131
191,94
179,128
65,193
150,194
180,94
24,87
37,84
17,146
103,8
82,126
28,123
54,91
163,195
99,178
33,147
157,141
77,65
37,18
76,37
42,149
59,98
25,99
59,98
146,52
158,10
156,154
196,15
175,75
10,192
178,116
63,143
14,165
34,49
95,197
26,163
35,190
48,53
7,130
74,89
49,69
141,94
45,140
117,36
163,35
20,187
196,36
198,50
96,43
97,162
143,20
74,87
34,11
69,94
115,86
163,130
140,2
189,66
148,73
8,100
136,62
131,8
181,138
187,174
142,182
101,69
102,170
102,189
178,196
8,6
34,148
20,12
195,185
19,121
33,117
102,4
42,89
127,165
102,107
75,7
82,165
53,80
172,64
192,117
167,183
169,3
52,183
71,120
6,192
111,4
68,57
166,166
24,130
174,44
103,117
191,85
137,158
69,148
191,100
198,67
178,154
199,61
194,105
2,75
174,103
25,84
85,86
123,60
42,127
12,108
78,25
90,23
165,159
171,171
30,60
66,101
99,42
197,154
81,188
87,35
14,168
134,135
120,21
133,151
41,1
170,118
9,1
73,72
10,36
75,197
43,51
52,152
85,25
189,142
42,38
166,24
9,35
83,144
158,192
9,100
94,174
13,172
88,197
188,42
24,82
50,61
41,144
148,191
166,127
17,105
126,56
49,111
93,190
150,189
83,2
116,109
106,104
60,49
146,88
67,71
83,71
44,127
27,53
175,83
29,75
152,10
91,169
36,180
111,83
102,128
123,194
178,174
176,32
27,49
95,196
146,107
137,179
119,43
53,4
23,199
34,168
108,142
118,3
187,139
57,35
124,128
199,158
182,175
65,139
151,108
190,132
1,29
197,142
65,148
77,79
5,114
21,198
121,31
76,108
177,61
189,160
99,117
98,121
33,67
9,159
10,178
194,128
155,16
115,170
42,62
88,78
59,34
173,134
145,70
69,35
28,32
127,173
37,97
94,8
186,13
198,143
9,98
89,165
6,72
88,32
86,103
189,179
124,86
17,169
147,119
188,38
100,76
112,152
171,51
12,2
118,135
41,43
192,18
148,178
27,55
144,78
54,22
182,79
44,158
31,37
144,30
30,11
159,149
32,4
40,5
122,135
116,39
55,66
140,139
41,143
106,4
38,35
10,96
30,38
122,179
7,6
77,25
112,8
96,191
139,144
120,120
60,78
3,135
92,100
193,60
65,32
177,86
134,187
61,48
142,190
12,59
124,36
175,18
29,56
116,160
3,118
170,49
191,60
49,160
123,129
85,7
33,153
145,32
15,153
116,100
34,182
33,8
54,195
104,81
178,15
180,21
2,3
41,141
95,35
9,184
162,164
85,193
112,95
78,12
41,115
104,111
4,19
31,153
101,173
117,67
1,104
185,9
79,2
112,111
135,159
113,163
124,20
127,136
11,57
117,59
199,134
170,168
94,149
32,198
39,156
190,145
89,13
170,161
93,49
111,42
105,148
27,106
116,123
139,136
193,3
176,7
124,34
50,169
186,170
77,167
16,100
73,22
189,191
173,38
49,99
52,167
33,70
39,71
10,75
170,93
30,190
146,58
154,184
167,45
122,1
69,110
111,81
30,142
183,193
103,178
104,166
190,30
130,72
18,34
28,71
23,174
182,116
185,179
53,67
172,32
10,81
76,97
126,76
13,101
36,71
0,165
88,153
184,69
92,178
188,143
35,190
50,80
128,103
84,106
85,112
53,133
177,123
142,34
178,29
169,2
23,164
157,41
22,65
33,21
53,29
106,129
166,144
179,2
109,98
11,144
129,35
199,180
88,162
74,168
182,73
86,191
165,4
143,161
143,62
37,119
71,150
57,155
168,165
183,17
103,125
83,35
141,19
175,12
43,199
126,51
164,195
87,70
170,149
61,23
111,181
123,128
14,178
13,22
156,174
103,99
118,46
96,111
91,64
181,55
19,150
159,69
102,182
80,16
121,123
128,53
34,149
196,128
188,54
188,90
95,129
38,76
127,113
156,134
116,83
64,31
23,97
124,96
98,18
34,179
60,186
53,62
31,132
172,147
160,99
122,181
140,37
127,13
147,21
54,8
119,178
28,139
68,185
20,33
15,62
3,117
61,154
132,30
54,34
151,156
103,54
139,22
134,157
28,187
120,128
73,110
160,71
42,184
168,181
70,154
192,55
81,133
155,175
112,154
7,171
134,196
163,66
39,100
184,17
71,101
37,63
70,26
168,193
124,16
53,100
127,62
60,92
106,8
74,5
19,80
148,106
157,64
61,164
10,51
109,116
85,77
34,175
8,180
39,168
68,24
162,1
50,39
11,173
39,17
57,44
121,140
150,104
55,102
194,56
4,50
103,189
13,162
28,40
80,14
172,185
70,34
129,28
186,172
163,84
11,83
30,116
17,78
100,103
68,7
38,192
143,168
103,140
42,100
196,68
167,10
55,55
148,71
78,81
123,7
54,136
136,45
17,69
29,114
58,127
115,99
32,172
14,12
196,76
43,0
175,156
104,194
103,198
78,189
86,92
104,186
111,116
168,169
135,31
123,48
42,8
26,171
127,190
6,69
33,139
143,61
60,154
50,17
176,165
42,186
26,127
147,68
53,88
82,59
196,94
152,88
141,19
29,160
139,114
187,57
199,84
161,51
188,113
112,118
51,191
18,68
30,36
57,118
186,122
126,185
75,189
179,31
102,69
66,152
59,157
173,84
119,167
140,92
171,181
129,169
57,69
78,191
32,193
152,176
96,144
46,157
36,101
164,2
188,103
125,179
152,106
124,16
194,75
112,87
53,113
191,142
81,93
54,65
190,25
91,58
31,100
178,90
53,52
134,48
79,95
77,94
30,128
71,114
193,37
109,4
37,32
117,11
161,196
131,27
147,84
89,0
170,173
192,192
87,105
193,179
76,41
22,33
93,142
78,178
187,128
20,163
36,62
53,136
141,67
125,42
5,189
95,99
167,5
164,75
40,186
98,45
162,82
47,180
133,86
1,61
1,159
165,159
9,20
45,108
30,92
73,14
85,194
50,60
80,27
1,172
111,152
167,129
24,9
135,190
126,75
176,24
132,46
168,83
99,182
169,155
158,52
141,20
195,127
49,45
168,119
127,17
181,128
35,11
144,186
18,111
149,25
48,125
90,9
145,167
102,198
171,140
8,21
146,79
8,59
186,138
106,52
3,121
160,133
86,77
135,23
49,198
68,182
84,63
16,12
43,39
18,189
136,25
137,66
158,164
103,199
160,156
111,48
60,139
175,24
26,52
58,140
13,39
7,175
168,198
68,193
78,4
54,8
79,137
150,29
89,123
131,71
181,132
188,119
39,159
0,37
10,141
61,169
78,170
19,84
146,66
57,84
115,69
106,60
56,2
175,9
67,123
161,55
1,17
94,124
102,164
116,157
141,162
5,127
129,34
176,43
188,95
39,169
119,116
89,95
30,178
145,135
10,181
179,166
71,7
154,152
8,163
170,33
81,96
29,61
58,144
111,167
35,7
50,120
179,113
199,37
72,86
162,74
148,161
13,101
139,74
192,176
30,108
74,143
151,106
39,90
188,5
55,173
22,103
101,84
124,42
181,45
62,135
15,139
130,50
183,140
134,192
182,99
123,115
33,2
171,134
69,152
119,2
103,177
199,4
179,99
26,6
69,107
92,26
25,82
154,46
142,21
163,197
62,68
161,108
86,174
118,115
189,10
33,112
196,26
43,27
102,89
174,85
191,171
112,149
134,74
125,143
148,157
151,172
168,190
142,94
180,28
55,184
110,126
14,56
169,9
172,131
101,13
91,90
147,121
137,124
191,152
104,99
69,169
41,90
197,147
92,104
122,54
109,86
21,188
30,119
116,79
183,186
172,143
82,165
65,87
154,122
69,73
100,131
27,157
32,41
135,39
166,109
131,175
18,64
19,35
59,158
168,103
97,53
101,149
27,190
90,181
30,68
113,114
10,62
119,190
194,132
196,96
177,15
123,139
157,10
12,24
6,180
7,198
72,28
32,150
116,55
169,28
157,183
78,36
196,11
3,174
12,151
114,193
121,86
55,129
108,17
114,67
123,104
8,183
5,186
111,187
32,34
179,190
189,164
140,99
195,147
106,192
173,70
38,92
0,73
59,187
137,99
108,85
33,66
6,162
49,55
32,170
26,138
116,8
17,49
167,58
198,78
99,177
75,134
64,13
159,124
96,130
6,118
109,30
125,128
178,15
86,173
124,19
123,136
142,42
100,82
183,180
23,38
174,160
91,94
188,82
80,77
42,0
115,190
88,101
41,52
149,114
155,103
69,125
166,124
73,15
131,66
180,183
45,194
126,155
76,50
71,175
90,196
104,92
128,46
199,5
28,170
35,154
56,172
94,5
154,54
76,65
52,161
176,102
22,72
16,4
134,5
77,138
134,110
42,11
56,135
199,0
74,29
189,107
41,189
176,199
146,34
158,84
8,47
47,166
148,2
68,79
166,23
164,158
11,114
106,117
101,109
25,59
99,160
159,133
31,197
190,134
71,9
60,127
60,66
14,77
154,18
34,72
133,115
10,105
24,55
40,116
150,21
169,35
20,8
134,63
31,64
50,122
152,188
168,192
121,20
83,140
196,141
136,56
198,136
84,155
20,72
118,48
37,106
156,43
105,3
197,45
148,54
88,35
183,19
141,119
191,130
126,177
20,104
39,128
70,144
6,49
189,158
173,161
124,151
128,102
117,135
123,37
20,198
112,155
100,160
121,157
134,107
146,95
125,100
129,185
170,25
128,27
131,137
11,135
78,191
28,17
33,137
186,61
30,38
37,153
136,86
48,13
178,4
44,104
30,147
163,119
67,157
173,98
108,144
158,150
157,180
93,176
171,179
99,20
40,90
106,15
126,64
95,19
1,65
121,14
30,43
93,101
105,187
64,46
118,183
9,72
56,129
88,134
77,30
46,184
168,129
58,121
124,135
109,89
86,10
14,162
28,198
191,73
13,120
84,91
30,68
78,65
6,70
137,41
96,101
138,181
38,68
66,144
148,187
14,38
14,111
196,50
175,175
35,119
47,96
86,67
164,182
23,68
116,158
199,122
154,153
176,162
30,22
168,93
138,46
7,153
10,134
92,92
152,34
98,182
135,98
187,129
121,0
150,45
36,135
60,117
115,132
24,89
16,76
94,155
1,14
56,109
5,38
44,167
135,85
27,93
9,155
137,128
142,28
117,76
71,182
27,194
84,136
45,77
102,1
0,183
24,116
86,49
60,73
178,10
167,10
34,108
75,73
10,12
10,37
183,179
46,184
110,184
147,113
76,15
66,15
181,62
3,73
194,68
40,100
195,51
8,129
180,150
88,197
144,82
100,47
28,134
101,27
32,174
70,17
27,183
158,190
156,54
83,56
108,168
66,48
83,32
20,150
150,178
34,77
192,105
168,89
38,137
85,197
121,100
175,198
56,144
87,147
1,57
95,106
56,150
58,64
5,98
166,104
29,55
190,150
67,114
10,32
49,50
173,31
14,170
46,135
21,131
157,147
39,14
115,39
95,98
157,103
113,72
185,67
102,80
87,149
83,118
88,129
110,11
123,15
175,44
112,179
42,32
102,0
128,15
22,62
15,96
44,126
32,10
149,0
128,40
176,105
54,13
157,79
72,62
112,3
169,26
176,124
100,197
176,139
190,142
76,191
51,48
126,19
107,13
92,141
127,17
138,122
193,37
199,8
139,60
185,116
20,108
183,58
194,24
59,143
7,187
98,101
91,157
46,64
94,21
115,156
129,161
94,104
1,126
130,54
104,85
163,138
20,164
182,175
76,122
133,81
175,138
108,150
112,30
0,92
184,139
42,88
64,73
15,53
107,78
148,44
155,87
43,44
15,195
68,14
168,46
82,176
22,163
75,60
13,131
96,170
138,105
147,79
5,89
1,91
147,79
188,111
25,40
123,182
151,118
180,8
157,146
29,22
154,34
166,67
75,21
30,66
86,33
161,60
26,140
85,26
128,96
120,60
106,122
105,199
164,48
142,180
142,173
71,29
132,72
61,156
75,57
109,73
195,78
145,14
123,165
14,93
190,10
49,137
173,131
111,28
42,138
177,53
80,133
192,27
110,58
132,184
67,70
87,195
1,60
140,183
61,26
177,97
169,160
78,64
47,179
6,157
158,97
0,129
65,58
75,50
79,197
46,116
141,102
82,179
54,192
130,158
99,167
171,8
18,138
105,180
183,191
102,102
25,31
67,138
37,145
82,19
182,32
76,103
21,88
148,122
76,101
63,108
24,109
161,116
161,179
192,198
129,172
76,108
173,143
177,148
158,48
93,16
89,1
103,133
33,168
135,27
134,146
106,196
56,181
51,71
61,9
144,155
119,97
58,48
176,102
13,166
159,149
48,105
15,85
56,198
59,83
68,63
1,101
96,195
3,22
159,191
153,158
158,72
82,45
37,85
87,172
33,20
11,63
156,39
188,72
64,117
168,42
112,50
52,155
1,145
69,95
169,56
11,103
174,144
16,9
23,82
142,52
116,12
73,125
173,13
3,0
136,26
197,75
184,153
119,61
25,129
11,154
61,198
79,111
110,161
38,170
2,187
172,60
85,2
14,84
58,74
26,116
198,80
182,103
134,74
47,77
146,91
160,18
93,128
172,174
104,10
150,12
133,49
52,170
150,193
181,44
160,72
124,17
28,7
0,155
142,199
65,183
116,167
131,180
1,25
191,123
108,16
128,48
84,54
121,180
135,135
15,128
6,9
142,193
10,59
157,111
94,155
126,34
170,97
194,115
186,34
18,132
59,106
115,181
3,158
177,7
67,106
124,2
114,21
149,183
152,95
96,72
188,146
130,194
44,23
105,122
94,185
48,142
177,106
24,78
91,92
71,171
199,53
174,160
136,79
89,122
158,149
105,170
155,162
71,68
74,167
186,65
135,19
86,88
70,12
147,17
88,108
6,173
188,73
51,84
191,67
39,24
82,152
52,138
120,6
64,177
90,101
90,44
45,112
130,95
21,112
73,171
69,89
97,79
111,88
96,93
158,34
19,152
28,36
130,154
81,147
13,76
130,146
5,193
99,16
145,108
8,161
168,190
120,63
11,149
170,13
6,87
64,17
181,197
36,76
197,91
12,7
180,90
77,23
184,31
78,150
165,69
61,20
148,52
93,133
96,198
186,39
100,50
191,63
183,98
122,59
33,85
9,60
172,76
51,164
1,39
189,76
14,167
74,97
1,14
68,68
10,71
13,123
136,131
55,138
15,9
57,10
53,103
124,193
142,48
148,110
121,2
199,174
73,144
118,44
116,159
44,168
143,134
157,49
114,58
62,93
138,49
20,87
105,36
156,41
20,183
183,121
180,148
27,121
170,69
141,72
140,190
148,43
198,127
30,35
32,50
69,71
166,140
110,48
68,63
115,141
33,95
38,19
36,194
55,112
112,142
159,43
179,71
185,113
56,16
149,66
114,37
54,198
184,19
78,115
132,120
55,100
176,195
161,44
16,71
39,45
175,35
159,90
18,129
111,188
46,156
56,47
18,6
87,10
89,16
90,133
178,8
146,176
74,114
149,104
35,103
57,120
18,2
69,153
47,25
65,157
131,97
123,152
27,186
99,13
55,146
190,37
42,2
138,73
98,29
57,34
143,9
77,23
81,174
35,46
80,78
90,163
152,160
14,64
126,185
31,103
167,103
6,84
102,186
125,69
25,75
154,42
162,112
80,56
38,6
1,78
135,67
85,8
179,195
143,148
64,199
33,94
69,183
172,62
88,36
104,21
198,16
198,130
132,103
154,18
174,122
158,22
183,3
68,82
88,4
196,197
47,69
18,113
11,117
50,152
88,35
12,186
155,71
85,7
24,59
92,188
141,169
12,167
2,197
68,37
108,37
27,186
93,184
145,20
89,191
140,88
162,179
103,65
189,182
73,102
70,191
149,28
35,112
159,13
186,183
51,195
1,52
70,152
181,160
56,115
162,29
133,24
150,134
58,87
17,131
127,149
26,41
143,77
53,115
114,198
84,108
17,72
34,97
29,128
71,149
171,151
128,126
173,175
167,43
26,111
150,196
6,149
22,81
32,87
188,87
57,153
80,42
170,188
177,129
29,39
199,37
46,146
135,119
119,185
183,173
85,13
2,185
113,150
92,121
89,193
193,188
30,154
131,196
173,78
37,32
83,160
89,77
108,75
88,158
105,14
3,36
170,146
185,26
49,134
59,79
19,7
91,161
6,100
180,153
154,72
193,4
115,127
156,14
192,182
149,73
156,121
11,106
129,81
33,66
124,168
152,115
26,55
20,7
179,85
143,169
145,94
57,158
127,62
192,68
193,191
167,176
135,197
81,182
82,110
125,77
170,52
106,107
13,29
15,123
33,113
77,170
15,164
81,8
90,31
18,19
98,157
156,24
43,113
42,140
166,86
8,46
65,160
193,143
185,18
91,112
140,45
113,34
128,56
128,48
119,146
154,161
8,146
133,109
179,147
192,38
58,76
193,125
140,182
124,9
197,149
37,73
83,67
59,125
74,79
37,18
105,158
53,12
182,198
25,72
84,133
134,72
48,194
149,162
49,40
128,134
179,114
174,142
6,95
82,57
146,158
168,194
71,133
59,199
99,1
149,164
79,92
53,19
66,12
58,91
47,68
12,99
71,177
46,156
89,166
186,159
86,79
141,57
164,4
35,113
98,75
130,199
19,179
26,121
145,99
161,35
146,126
105,46
97,31
92,58
133,176
88,177
111,149
95,28
12,128
185,25
184,130
161,31
192,50
15,163
184,49
90,127
36,117
119,196
126,80
182,134
13,3
107,8
152,121
134,84
37,38
97,75
74,110
121,35
46,149
163,54
123,84
76,81
129,16
83,34
184,84
190,33
84,27
23,128
61,148
188,197
8,78
121,38
61,43
17,39
1,81
179,176
165,127
172,111
132,184
9,181
136,47
198,152
30,88
134,163
196,188
4,124
54,92
67,5
17,124
125,121
100,102
160,192
97,66
74,68
156,45
110,164
197,126
51,18
36,5
184,130
183,97
161,18
65,41
84,7
18,122
165,199
190,107
141,75
113,51
79,180
90,98
23,98
4,106
50,136
184,151
129,158
22,130
66,87
60,65
121,61
188,11
29,192
14,16
150,82
119,141
119,34
81,27
80,137
3,147
133,124
161,99
51,142
112,49
54,122
185,84
30,142
118,149
116,136
31,193
107,174
118,97
192,88
165,29
10,174
75,86
37,144
88,147
198,149
127,24
38,96
184,181
48,12
112,19
147,71
102,191
138,189
114,75
177,10
198,133
120,191
54,121
83,48
122,32
127,197
153,122
173,135
82,159
59,5
93,67
5,19
163,17
131,90
175,66
28,117
62,81
124,144
142,176
175,91
123,142
119,109
87,74
16,57
45,40
22,111
166,128
57,129
85,68
50,144
95,10
185,64
38,178
126,120
66,61
121,42
64,192
190,32
153,163
41,172
76,6
11,144
60,25
159,129
160,122
130,37
198,141
176,185
90,138
106,167
24,3
95,11
179,32
54,124
87,36
143,45
147,149
179,162
53,167
101,51
73,46
116,136
146,167
63,60
5,31
88,82
50,144
125,38
160,99
197,43
81,143
81,73
190,99
141,64
126,129
15,149
66,88
70,93
169,71
20,15
190,169
160,160
142,131
79,191
159,62
171,152
188,133
92,15
10,145
148,105
170,75
2,108
83,75
126,50
173,167
150,73
123,41
39,2
73,164
84,43
145,195
10,77
151,84
147,24
65,74
129,8
146,50
176,148
46,5
30,62
73,35
1,134
112,35
62,64
29,176
54,145
20,80
141,64
40,86
58,162
175,108
135,163
85,111
18,157
12,180
71,78
2,142
65,100
77,63
129,174
95,196
41,65
141,66
106,172
126,176
46,85
114,114
198,191
140,176
193,113
40,53
136,30
175,66
28,49
197,23
123,3
132,50
189,51
25,3
28,157
97,68
193,151
96,3
131,156
61,132
83,165
17,28
50,158
187,54
99,76
176,63
43,198
98,40
9,85
121,192
126,72
156,57
112,191
97,53
93,51
80,187
117,33
79,149
189,30
40,78
162,89
93,102
148,57
80,159
27,162
15,134
77,6
160,120
63,105
174,22
22,169
68,19
23,98
84,68
190,138
5,166
16,179
197,82
174,78
43,34
154,14
177,139
175,49
124,9
152,127
55,196
196,95
73,102
168,75
153,196
140,144
101,4
29,7
66,102
152,45
153,133
118,51
165,74
191,85
182,152
54,75
172,32
7,150
5,111
33,191
199,36
27,66
193,89
189,195
79,36
162,145
72,45
14,135
71,60
176,127
51,28
85,82
16,193
156,153
96,46
144,170
67,81
37,12
125,191
69,70
190,54
140,192
112,57
159,13
105,86
64,13
38,116
102,148
0,178
163,183
38,145
17,152
82,193
52,109
59,172
78,67
167,86
16,88
182,197
118,181
198,197
175,3
54,170
197,181
150,178
7,16
77,107
144,12
13,133
40,73
51,38
91,87
87,167
63,88
83,14
199,78
125,118
106,124
62,10
60,127
33,65
14,13
31,84
12,155
62,132
24,11
124,32
161,86
163,16
64,163
175,2
62,113
71,41
147,17
71,93
127,171
12,195
185,178
126,51
132,51
155,91
160,141
97,109
51,106
185,1
132,55
87,105
83,95
159,139
95,9
162,144
4,168
155,0
109,177
54,0
174,12
60,107
6,88
48,49
195,150
56,146
37,184
49,51
190,11
148,101
12,3
127,185
197,63
102,199
31,13
63,42
30,15
178,19
180,91
83,140
110,75
96,150
144,128
96,10
95,171
112,160
168,64
74,19
160,175
93,151
120,187
134,67
3,24
19,43
135,0
31,180
70,14
5,102
83,127
28,70
88,59
177,98
19,22
37,136
109,161
139,135
0,179
176,51
82,82
143,63
132,137
103,153
144,0
35,27
180,1
73,52
84,75
93,89
3,8
35,22
137,49
32,54
72,52
17,27
187,18
13,173
150,127
20,10
197,151
6,96
97,117
199,91
133,170
195,86
115,146
51,43
1,60
155,67
105,80
194,129
42,90
134,20
80,100
199,87
98,155
14,140
3,134
109,73
85,185
45,22
119,56
155,177
35,70
185,39
147,147
52,25
48,60
155,197
35,175
155,95
93,86
21,184
54,132
10,193
143,129
157,193
171,151
183,37
0,128
41,146
97,123
140,23
130,4
141,105
139,125
11,176
139,181
100,24
172,99
126,185
141,14
133,61
151,149
41,31
58,131
162,180
153,41
193,51
150,147
27,7
138,26
184,18
131,173
69,93
26,83
44,184
55,0
133,25
44,175
11,152
181,49
174,180
55,46
176,154
69,21
119,117
60,148
44,110
14,126
64,89
44,45
108,95
142,36
130,193
124,13
154,191
152,12
2,26
159,127
195,11
28,193
9,57
20,143
85,158
74,33
40,107
152,82
65,94
35,43
51,153
63,105
135,169
10,150
52,43
54,110
89,185
187,150
142,149
103,74
117,40
36,16
27,23
89,140
29,178
194,88
193,73
89,26
108,194
172,55
142,12
50,198
3,37
21,15
63,164
72,85
127,15
28,182
148,179
181,90
106,7
83,48
55,164
160,141
63,16
145,7
136,148
94,143
24,72
70,13
164,32
63,101
164,172
170,15
29,73
26,68
37,69
53,148
142,121
127,4
199,20
89,88
55,83
180,170
109,193
98,62
57,167
55,72
196,77
64,187
197,196
169,84
84,75
115,31
187,70
162,165
15,6
139,42
91,169
50,91
155,175
112,181
153,121
186,69
53,75
188,24
98,62
139,48
167,120
32,75
143,68
156,55
97,66
53,190
80,173
20,8
53,25
187,140
172,90
17,75
64,77
31,104
198,157
191,10
1,55
142,165
189,45
135,135
15,50
107,125
26,47
61,73
100,55
50,109
59,104
131,157
112,183
110,159
92,131
115,75
122,112
9,72
128,31
71,88
154,108
87,198
31,79
110,39
91,122
90,166
134,26
159,74
3,149
154,80
132,37
104,72
68,164
22,75
10,42
193,22
179,178
170,15
166,102
19,151
174,42
190,172
17,61
143,31
112,124
147,181
113,143
143,15
80,131
73,94
24,133
109,195
24,36
180,174
73,87
134,135
65,73
48,56
91,169
7,63
151,117
132,150
16,24
47,31
14,98
20,176
100,113
115,146
18,86
22,183
156,85
159,97
161,43
67,173
116,196
163,89
10,52
104,136
196,95
84,42
33,105
30,191
122,78
163,167
25,9
105,105
184,100
180,164
197,116
191,153
120,101
180,104
73,186
41,111
173,122
60,131
26,9
120,152
154,89
89,141
133,125
158,67
189,1
17,52
7,23
131,145
80,166
24,161
160,107
166,15
170,132
17,94
124,156
145,63
132,81
112,157
2,20
157,89
176,188
85,162
158,5
113,125
22,172
38,171
105,16
193,199
13,77
159,86
125,95
165,192
181,159
110,160
77,82
131,119
139,181
7,45
72,50
174,63
16,94
33,81
154,147
22,194
66,19
119,121
64,100
179,44
177,92
174,38
136,159
193,180
99,126
167,175
77,140
2,71
128,71
20,177
166,28
148,73
80,149
6,158
149,183
48,171
141,126
32,34
8,31
31,50
114,35
166,131
91,184
176,0
140,156
59,49
79,4
97,187
46,84
85,113
93,52
33,68
109,95
73,88
26,124
39,185
171,102
147,58
13,96
46,57
160,145
18,197
89,52
87,63
16,102
83,74
44,133
125,8
94,142
8,166
171,64
1,110
58,36
41,102
67,190
173,11
111,20
32,19
149,81
55,96
138,17
28,123
121,110
6,58
16,142
18,49
178,43
199,117
8,54
137,61
133,147
109,137
67,148
83,182
132,85
80,194
112,110
42,182
16,149
12,80
190,8
51,40
56,151
142,176
111,123
44,7
83,64
163,20
177,103
192,156
80,57
185,40
143,114
13,7
33,140
138,18
43,3
190,57
56,198
125,197
158,81
29,73
89,16
130,13
61,131
104,174
51,118
60,150
146,161
180,193
26,81
18,11
179,87
166,147
5,112
189,134
34,186
63,35
48,144
32,181
72,188
34,51
105,74
59,122
126,177
12,85
14,12
75,9
70,126
4,43
182,84
125,77
190,53
70,109
53,13
150,90
73,13
95,150
182,193
115,168
115,63
17,86
9,176
130,156
127,126
161,19
123,82
72,120
173,184
175,35
84,153
111,188
115,106
118,116
198,43
28,128
48,52
52,101
95,195
192,136
191,60
120,151
108,85
68,134
150,14
107,126
108,151
50,141
197,199
155,65
116,157
27,166
100,189
162,14
40,68
174,66
143,145
84,80
139,55
183,75
20,80
63,108
30,21
86,168
31,41
135,164
14,94
155,112
109,177
113,92
22,84
72,4
179,172
131,13
34,170
197,53
82,49
137,103
78,27
154,95
34,147
62,115
123,156
93,23
191,120
182,16
36,44
160,100
54,183
49,39
20,90
12,40
71,153
104,16
184,84
62,5
140,104
102,54
61,125
25,49
42,1
195,142
60,124
82,161
130,2
187,12
81,18
51,123
169,85
134,87
6,87
41,3
101,164
73,33
185,52
149,184
61,117
67,113
33,23
38,100
194,8
158,198
26,20
77,107
182,144
56,21
94,176
180,17
38,146
120,126
109,114
71,73
91,54
4,43
140,1
32,27
135,150
137,3
57,85
37,30
109,53
13,199
51,137
145,10
174,50
159,18
8,188
73,27
90,138
98,86
151,46
25,148
128,3
53,138
167,8
69,5
155,6
21,86
63,25
6,135
131,125
154,80
169,185
96,195
84,3
139,96
80,182
32,53
135,152
39,132
46,83
198,39
131,28
7,119
63,175
131,93
36,171
119,113
147,129
113,46
35,170
99,33
166,56
86,143
134,158
24,50
82,37
138,191
81,141
100,80
0,45
150,117
141,4
142,103
183,26
171,156
63,75
15,11
65,33
148,56
179,2
158,126
198,23
173,23
94,79
183,187
150,132
0,27
57,71
189,132
22,181
181,149
81,13
31,70
135,174
135,27
197,166
62,44
108,84
145,25
112,182
125,26
158,166
168,32
107,49
188,188
183,147
46,184
12,4
112,129
46,75
4,110
136,161
141,174
78,90
172,186
114,121
192,32
76,191
111,46
191,96
42,42
20,141
94,98
58,143
49,70
87,2
176,79
54,162
158,159
27,14
178,181
55,40
49,82
70,73
114,160
90,177
194,162
8,53
143,65
62,187
154,143
87,126
113,4
79,123
25,13
7,34
120,20
17,102
112,42
50,4
22,181
195,126
10,30
94,102
32,138
188,119
58,6
137,113
91,152
129,65
95,44
39,72
51,119
120,125
9,42
11,105
195,124
121,89
95,139
152,53
198,170
107,122
171,51
15,155
66,142
128,138
0,20
194,183
173,121
165,94
30,163
142,88
123,31
5,117
93,196
195,47
26,106
62,101
133,119
169,35
72,167
52,86
90,38
187,182
93,15
16,58
182,186
148,11
91,185
142,117
39,178
190,53
70,178
197,22
24,118
79,132
196,124
180,37
111,174
190,3
80,127
137,12
45,101
16,171
186,33
163,32
54,86
28,124
2,111
161,20
199,120
122,150
171,111
179,16
152,174
42,197
10,185
77,24
52,148
165,64
156,79
174,113
165,15
180,61
172,71
39,29
107,43
90,194
182,76
74,162
50,113
139,65
138,47
74,14
179,143
136,173
178,46
51,102
115,138
125,29
34,174
8,137
161,32
46,40
21,139
65,72
96,3
58,190
180,65
19,66
156,28
31,57
84,196
20,43
20,140
14,123
81,14
145,150
179,120
170,59
33,3
146,191
177,27
199,37
172,144
97,146
115,163
184,3
178,21
162,49
8,137
136,126
11,113
67,17
96,39
79,127
39,169
9,49
161,56
27,122
141,90
136,123
150,2
172,61
197,21
163,145
51,82
57,15
25,72
28,111
68,29
101,131
0,99
99,30
65,151
47,135
25,190
195,95
3,108
144,75
41,72
136,89
92,15
171,136
132,130
22,138
137,177
162,70
28,124
76,109
197,114
65,191
121,65
120,91
55,162
191,130
186,25
146,34
185,121
72,34
64,52
102,125
69,65
66,86
84,158
136,53
160,111
174,27
90,37
16,131
185,198
19,87
51,19
111,143
42,190
42,147
15,91
10,199
165,125
107,145
118,91
168,28
58,194
85,107
4,145
119,20
42,81
40,157
116,23
13,82
57,155
31,181
148,120
197,162
155,82
72,64
111,158
113,147
135,25
160,178
106,157
158,142
161,123
60,42
132,114
109,171
113,170
175,119
115,98
61,54
23,93
93,34
57,185
34,163
185,84
172,148
62,85
181,94
91,57
121,16
183,96
35,84
133,93
87,139
115,4
129,136
173,32
144,98
88,44
92,164
24,89
175,42
180,196
98,2
171,108
109,147
110,7
117,77
177,145
117,161
121,92
55,128
191,3
156,14
179,171
53,131
60,20
158,154
0,28
37,145
41,41
28,6
144,32
179,76
139,70
48,63
135,41
32,102
72,123
189,29
140,50
119,29
141,110
101,177
87,83
51,183
89,3
14,57
10,163
41,7
154,55
144,93
56,73
50,116
56,169
181,91
8,135
188,81
34,117
195,129
47,197
82,130
79,136
71,191
103,47
70,137
155,169
147,56
82,21
180,41
158,142
177,167
186,2
160,68
37,11
187,40
175,68
22,101
168,57
171,144
11,154
106,53
68,194
119,197
39,110
19,119
83,83
101,29
5,62
51,131
16,171
112,167
139,110
159,196
43,91
21,3
40,68
68,60
136,11
151,71
183,103
90,143
80,146
79,68
156,100
137,95
77,62
57,20
184,160
183,107
171,111
126,22
2,82
186,21
151,14
115,5
85,180
186,73
59,124
160,161
143,135
95,114
146,99
78,152
192,67
140,42
116,109
23,156
157,172
105,87
159,77
117,152
40,27
149,62
104,159
30,37
5,148
196,93
104,66
44,194
139,76
33,15
131,31
125,103
184,174
31,166
57,68
45,156
53,139
30,86
177,58
15,20
178,19
110,146
142,21
118,180
155,185
66,174
26,199
171,9
78,3
177,27
78,100
121,49
25,81
30,156
182,55
76,120
155,74
188,185
38,60
185,132
48,148
95,95
29,170
186,27
17,196
109,177
95,73
100,139
94,16
4,156
175,63
7,139
38,13
141,88
120,178
8,79
150,142
45,86
177,179
173,78
117,118
28,132
186,66
9,139
7,178
188,50
177,109
149,44
99,19
99,44
85,173
65,117
72,152
81,4
113,144
56,155
170,3
109,39
59,184
56,96
139,86
194,33
23,11
25,98
137,60
132,198
122,131
164,125
61,58
6,102
45,171
34,13
59,181
34,113
29,90
184,42
97,62
176,143
51,4
146,117
162,118
2,189
145,16
178,58
89,44
23,148
188,190
178,82
102,186
170,29
3,161
16,144
69,68
44,156
48,198
59,55
49,36
180,117
121,163
1,33
22,45
64,84
124,108
166,84
47,53
31,187
8,129
138,176
147,182
100,155
24,149
79,121
2,150
39,109
185,75
137,15
143,48
59,71
1,67
112,55
119,28
96,199
44,165
196,128
143,51
46,28
147,188
165,138
164,139
85,38
0,58
31,167
24,176
53,32
96,172
18,13
124,144
109,51
52,69
112,170
32,90
193,96
70,81
127,105
97,65
161,15
164,51
127,163
186,57
143,13
133,40
191,195
7,81
145,162
92,72
195,147
160,149
106,79
145,109
118,62
15,16
68,197
97,119
60,63
193,96
2,52
168,167
181,65
167,64
156,126
168,11
175,45
109,108
167,127
87,133
139,37
135,25
134,100
84,24
57,1
170,57
106,25
152,112
74,184
197,104
188,127
118,140
176,87
3,91
44,85
45,31
68,189
122,181
97,77
145,21
110,63
14,18
119,122
192,128
17,20
70,48
138,154
60,95
38,110
144,93
12,130
46,103
162,58
46,127
142,42
94,65
88,170
32,23
46,184
193,119
30,140
118,29
78,123
131,122
110,56
169,51
106,13
106,139
107,122
51,140
34,190
194,32
140,93
89,47
147,146
87,171
34,53
7,158
44,20
198,142
77,36
132,9
91,9
199,96
177,32
193,158
70,118
148,90
85,58
41,185
6,0
154,130
59,151
109,43
2,170
187,133
5,122
20,78
114,186
33,54
48,194
59,34
6,158
123,120
110,158
137,43
14,196
117,125
125,11
122,120
18,168
128,99
3,151
119,66
82,10
54,9
33,160
65,189
194,177
16,136
177,198
37,145
117,162
106,158
1,178
169,50
151,77
17,124
6,176
160,169
113,71
28,0
79,89
163,87
34,138
52,57
175,2
85,180
88,158
184,117
105,71
30,69
7,29
61,35
134,73
131,1
90,137
150,169
177,192
181,3
176,157
55,63
41,150
111,91
10,145
80,56
114,102
3,77
78,174
133,119
94,57
193,21
4,57
147,132
148,55
15,147
121,20
2,84
118,75
199,159
157,133
157,115
67,4
132,181
49,165
53,37
120,172
65,24
127,184
83,189
161,6
59,59
81,128
140,110
35,135
68,192
182,136
63,169
112,78
144,157
194,190
45,111
74,2
3,6
172,116
195,181
124,73
149,4
48,88
188,83
135,135
120,22
181,195
156,35
79,198
93,80
30,43
154,28
62,83
46,74
90,40
107,82
155,185
124,61
28,136
103,45
143,7
147,113
13,76
121,37
142,186
69,141
155,42
178,112
39,193
55,110
103,73
10,130
185,30
10,57
118,133
146,129
58,40
94,134
49,12
37,20
13,164
188,157
169,163
172,123
35,17
58,172
101,110
54,35
9,20
40,138
52,90
20,148
107,109
118,110
166,157
100,39
77,40
180,162
79,41
95,157
95,166
98,172
143,136
46,164
15,186
177,175
8,5
115,197
15,174
17,105
48,46
169,108
10,42
127,47
197,150
7,4
7,173
27,133
65,135
78,30
71,171
130,33
173,86
73,5
43,88
6,153
138,161
177,64
195,129
81,29
45,72
93,141
103,199
66,134
182,172
157,83
175,124
47,76
35,7
110,87
114,65
148,64
37,181
60,155
150,104
152,94
118,111
198,198
2,189
23,8
105,32
52,54
197,173
6,119
93,82
198,180
190,22
28,51
185,56
131,94
177,92
175,39
3,176
74,92
102,39
190,9
122,182
16,40
187,137
94,14
196,166
141,72
24,119
0,154
74,186
192,153
25,31
133,11
153,77
114,25
54,100
153,130
151,178
171,190
110,152
135,75
61,22
122,7
5,26
86,166
169,38
153,48
168,74
94,172
94,62
189,106
54,193
21,188
173,82
108,182
180,128
121,119
26,5
122,64
14,191
122,111
199,50
172,146
5,57
99,56
114,154
97,181
81,102
116,75
133,104
76,166
186,93
6,63
163,173
159,198
196,115
160,16
84,36
156,128
18,46
171,198
196,116
27,68
80,198
96,23
118,86
45,46
29,92
175,69
156,35
44,86
72,182
37,175
64,124
114,88
14,163
61,75
173,52
14,144
139,51
146,17
46,23
159,94
179,114
177,138
93,131
3,58
2,146
8,89
9,80
88,149
42,126
129,52
28,43
17,79
107,166
35,194
42,167
132,146
38,30
71,59
46,41
169,99
3,13
144,97
22,16
70,142
113,2
81,59
167,192
48,58
100,184
175,36
49,184
67,52
73,16
112,33
81,147
170,82
179,52
93,162
104,110
141,89
91,28
175,127
74,118
56,133
93,91
40,192
19,174
131,33
71,59
113,175
22,165
69,6
46,57
5,170
166,103
56,41
159,86
198,143
162,152
152,13
0,95
154,119
129,131
105,30
127,68
89,145
26,73
39,14
5,145
8,85
19,42
20,19
148,45
123,85
171,62
102,108
186,194
136,151
152,94
119,36
7,37
114,144
144,13
97,164
162,48
140,57
65,140
188,145
70,182
46,70
1,124
63,31
5,8
193,59
127,151
76,134
25,167
166,106
60,184
45,146
46,25
63,13
199,145
8,75
24,130
62,151
168,148
33,64
158,24
101,21
158,164
181,174
67,88
174,120
37,125
190,163
55,101
147,22
113,170
138,145
7,192
15,98
30,164
92,103
144,108
93,105
109,25
24,38
163,9
13,72
28,156
137,68
4,61
157,116
55,187
138,155
109,174
192,156
131,126
135,70
158,175
147,48
66,73
185,15
159,117
126,155
98,65
188,107
169,28
66,53
104,129
127,86
74,87
103,155
72,148
10,92
140,179
38,187
63,4
66,146
20,31
65,38
122,22
52,149
150,132
25,160
53,12
35,111
195,188
96,178
162,111
94,179
66,62
92,56
150,191
61,138
113,108
155,29
128,152
70,141
7,46
21,83
103,168
179,19
5,123
81,159
100,43
12,136
166,177
148,127
173,31
134,53
85,28
59,177
144,35
118,181
69,156
138,68
38,116
104,193
20,166
93,144
182,198
122,179
196,121
5,185
47,145
102,194
141,197
3,124
159,198
106,26
29,172
196,159
119,140
41,155
162,82
186,145
46,196
121,91
46,124
45,61
77,42
122,36
40,38
135,30
122,62
119,176
139,154
165,97
113,48
15,19
161,109
8,163
56,178
57,64
165,59
20,23
161,138
156,137
0,47
84,143
173,163
34,68
172,22
101,163
191,170
82,164
110,180
101,15
78,163
149,184
171,132
179,76
10,125
73,146
160,42
26,9
61,96
73,65
137,177
92,7
142,182
32,68
85,76
34,183
88,151
197,62
84,25
157,86
67,0
37,74
25,140
167,191
171,55
138,170
93,136
68,148
46,71
133,63
170,117
110,187
180,9
191,193
36,197
0,44
102,84
83,146
46,101
17,152
41,189
90,88
186,76
141,20
136,195
166,144
152,128
24,94
97,73
119,53
163,131
186,45
35,167
65,151
112,65
176,23
157,195
148,48
145,128
56,154
68,177
118,129
28,67
192,115
111,131
85,44
52,164
17,194
66,5
70,64
36,197
30,67
64,99
196,122
107,137
131,58
194,142
143,73
164,41
184,51
39,143
50,12
94,183
172,131
199,147
45,107
150,159
79,55
43,125
100,108
27,173
189,120
190,135
168,106
84,137
140,187
176,182
65,170
61,38
100,66
53,152
167,42
61,119
8,143
104,181
182,156
68,185
30,54
17,125
10,28
140,39
197,82
175,38
119,95
159,112
56,5
1,113
148,14
151,70
80,75
154,38
92,127
49,107
38,2
195,147
150,93
190,55
116,110
133,72
167,1
72,156
66,147
33,118
78,73
38,196
199,197
47,196
161,144
65,174
175,53
159,132
172,105
137,10
7,37
115,174
131,40
144,105
17,150
95,165
172,68
175,70
55,74
113,64
7,107
61,97
7,60
185,54
160,68
61,175
1,32
56,64
72,94
34,166
94,104
139,138
48,14
67,117
52,93
148,161
172,144
48,49
24,183
108,148
58,22
28,8
107,0
38,168
25,82
149,45
189,189
88,54
116,13
88,20
135,134
77,83
22,140
17,174
50,85
97,160
112,156
192,135
91,101
13,164
130,179
89,107
15,35
147,167
131,106
176,2
22,175
42,102
83,179
56,52
108,97
151,111
78,54
73,139
6,168
70,161
179,180
165,93
84,0
60,50
54,69
114,3
167,99
33,145
10,70
159,139
166,198
89,154
161,193
24,182
106,65
30,184
56,83
77,80
177,68
108,168
11,128
140,147
198,161
120,29
17,23
183,117
148,79
125,30
31,141
158,72
162,145
100,110
69,21
164,52
107,182
42,188
162,111
25,62
193,194
186,55
56,89
3,71
28,39
162,75
190,96
182,86
93,26
32,119
156,132
75,165
82,86
153,107
184,124
7,71
110,136
143,180
185,168
77,117
116,189
103,41
79,164
188,59
35,122
113,42
166,45
60,82
24,98
35,166
1,45
151,88
13,134
120,97
139,51
126,17
46,140
163,59
186,70
21,32
55,191
72,169
96,94
155,40
99,30
152,31
183,53
36,65
85,173
177,136
4,101
99,5
50,105
156,173
104,0
102,172
86,160
61,79
140,39
138,38
133,20
70,18
190,150
61,75
131,44
10,103
190,129
61,164
193,99
127,107
199,158
139,194
148,7
171,183
166,23
48,110
30,172
56,143
124,105
94,44
61,100
72,150
159,117
24,31
158,77
101,133
174,100
194,190
14,112
165,166
31,35
41,101
1,42
156,80
78,101
111,38
62,125
29,34
67,35
117,129
8,196
133,139
63,92
97,108
38,81
98,54
198,64
144,143
187,4
33,120
101,36
20,69
49,76
170,192
18,33
10,99
158,65
67,112
181,47
133,30
148,132
114,36
195,13
107,31
4,146
172,195
47,122
10,185
78,198
41,160
118,197
114,154
45,109
136,160
131,157
192,57
100,30
148,142
8,77
132,169
28,165
98,21
2,117
65,145
47,104
7,0
172,158
155,63
86,152
48,41
91,168
134,139
150,136
32,82
119,104
145,122
172,92
46,169
196,164
87,90
80,56
31,41
58,88
175,51
15,121
133,13
103,174
7,152
160,83
160,84
131,173
176,58
75,175
96,37
137,104
47,174
47,158
146,142
71,8
29,137
39,162
99,191
125,3
51,173
3,116
101,67
115,18
186,187
142,15
130,182
182,176
53,47
86,57
65,109
101,141
26,120
143,154
71,119
83,84
115,185
79,74
127,199
196,143
117,113
82,179
184,163
9,65
42,15
27,30
152,31
16,193
125,36
1,131
72,125
57,134
82,160
52,165
129,109
174,156
48,153
63,167
188,6
163,191
85,74
78,104
122,54
121,68
171,106
196,84
76,27
148,57
104,142
115,170
18,17
174,186
72,185
66,181
133,191
86,110
95,113
38,59
107,97
80,196
177,111
174,154
189,197
20,40
150,144
154,147
56,52
93,143
109,185
152,104
199,165
35,70
132,165
172,124
190,162
7,64
157,3
62,73
170,44
60,36
40,33
167,97
190,18
128,186
62,97
195,66
10,165
52,112
79,108
49,188
26,77
147,174
25,147
145,90
17,88
49,26
20,72
175,48
97,41
66,199
70,27
48,78
116,96
109,99
99,159
55,113
109,62
184,64
194,8
187,3
59,28
35,105
39,166
12,98
186,89
54,39
176,87
123,155
1,166
173,181
197,25
195,167
168,1
33,151
65,198
129,147
95,108
92,118
21,68
31,54
51,158
58,160
66,193
33,135
2,60
86,1
105,139
116,165
32,86
129,162
168,48
73,87
150,106
188,71
97,189
76,190
43,14
82,26
84,128
15,36
16,150
15,38
189,10
94,127
52,102
111,162
87,164
132,182
197,186
150,119
30,152
46,19
94,146
72,74
92,136
158,71
66,13
188,27
166,68
183,62
35,144
54,96
58,51
169,24
17,128
187,82
129,42
90,78
57,91
76,154
101,24
60,11
7,130
193,93
164,130
102,174
137,84
105,36
151,65
3,43
53,85
19,93
46,58
75,65
22,34
199,172
111,36
51,25
62,11
143,183
70,24
48,53
153,139
157,37
91,47
87,30
199,164
116,158
22,191
113,185
193,105
116,1
13,50
103,187
38,86
45,83
92,130
146,54
1,154
42,53
29,85
167,131
35,127
99,22
177,1
158,34
24,127
136,112
96,109
38,168
161,146
13,130
179,53
44,179
21,25
143,173
114,112
171,2
62,147
87,28
128,185
89,80
56,88
143,192
119,27
73,82
36,23
46,159
164,114
3,74
83,29
167,143
18,12
142,153
76,15
164,52
88,10
46,18
19,85
169,78
185,132
89,127
120,142
170,136
91,142
140,51
14,83
161,181
108,80
141,129
11,117
136,181
17,73
145,194
23,25
39,198
16,35
140,180
95,129
64,8
82,108
5,25
107,115
66,167
103,172
150,4
187,163
118,36
7,19
26,44
153,74
177,5
152,77
18,84
136,61
163,141
39,139
67,140
85,118
23,186
173,73
32,22
194,133
148,159
151,24
111,101
104,144
109,107
155,151
103,48
63,173
132,172
162,163
45,61
37,199
20,96
35,69
128,6
111,117
160,165
75,135
134,171
136,131
29,143
23,165
193,125
166,61
158,133
169,18
6,143
8,41
120,169
65,109
178,184
78,41
34,190
4,45
78,157
50,58
179,185
78,16
117,106
161,151
48,44
18,108
90,30
1,123
10,107
169,89
124,7
181,64
97,135
73,25
6,96
160,166
11,37
135,46
100,39
29,94
27,87
87,86
119,195
17,49
116,152
179,72
180,7
151,137
104,71
88,78
133,89
164,91
196,110
16,15
51,18
129,8
66,125
9,121
113,107
16,30
135,141
154,47
92,91
94,40
129,191
82,70
116,126
175,59
87,181
80,108
80,83
138,103
5,50
169,78
20,78
188,87
133,140
172,92
120,35
43,106
172,124
62,11
84,163
155,106
32,35
187,159
9,180
55,100
81,64
131,3
35,13
98,98
174,117
77,156
56,84
89,28
28,115
37,193
20,162
29,141
175,21
140,32
36,134
116,172
106,86
189,170
117,82
74,149
91,195
76,155
71,159
166,97
180,123
35,80
51,43
28,134
33,74
144,135
24,52
14,135
122,5
110,15
30,41
2,190
122,163
46,194
75,55
59,119
196,1
49,28
51,108
53,171
190,26
91,135
30,44
106,172
36,157
169,59
66,152
148,176
51,190
114,169
27,92
64,94
161,8
72,129
143,115
30,65
93,141
69,90
123,72
193,158
114,111
137,128
174,25
56,0
134,1
13,47
117,41
148,0
105,198
142,155
89,130
118,11
122,148
115,70
129,4
171,189
82,130
129,18
139,95
49,61
68,13
86,124
132,96
106,16
92,99
89,102
39,20
49,91
68,198
189,10
40,169
117,36
169,41
0,155
69,64
194,13
175,89
109,25
108,165
70,121
25,17
122,47
185,70
155,80
103,5
136,195
138,28
143,144
165,84
74,152
119,114
32,37
39,72
117,22
45,102
55,40
67,134
26,94
90,116
182,112
108,87
133,75
48,57
76,97
64,135
136,127
121,128
176,19
129,61
78,13
167,187
72,118
170,187
166,26
82,119
50,177
84,120
156,142
114,2
135,63
18,62
143,193
2,28
63,77
197,122
180,158
21,86
177,50
31,54
81,167
25,25
18,191
17,12
179,37
134,90
156,48
16,80
132,10
12,133
35,6
144,100
28,61
24,179
112,187
144,143
164,130
73,79
148,43
150,45
58,173
98,167
27,14
162,159
64,192
92,81
154,193
6,151
92,130
96,67
158,129
84,133
130,95
89,136
169,113
137,3
39,135
136,129
35,181
179,184
117,113
144,42
36,30
118,1
20,198
165,93
45,183
166,100
28,176
90,116
68,153
61,187
98,156
185,1
131,62
108,68
58,168
198,26
66,23
154,90
5,119
65,124
179,119
87,57
109,133
148,156
70,178
45,79
79,111
165,175
5,199
104,36
153,11
43,105
165,136
66,83
122,112
183,119
196,158
90,0
159,186
69,181
86,155
123,185
106,111
70,57
180,105
118,187
44,179
130,94
134,71
77,38
29,183
12,157
101,69
142,89
49,86
163,159
38,41
132,137
126,195
150,49
86,158
6,4
49,60
38,145
168,73
177,27
104,175
185,95
129,117
144,87
171,190
175,39
81,83
189,63
48,177
117,35
162,12
192,51
198,19
142,151
41,113
7,190
154,6
185,28
62,55
28,181
182,115
105,94
2,156
28,150
57,157
169,174
73,95
96,116
19,107
155,78
13,160
166,132
120,14
42,85
128,40
80,12
152,50
108,127
152,58
165,60
123,103
88,87
78,148
148,188
14,79
76,89
156,104
128,1
47,129
80,91
59,171
56,185
180,160
161,148
185,110
31,24
16,138
199,0
146,158
94,86
141,128
168,108
41,53
129,81
100,72
50,80
53,193
175,69
196,107
170,76
157,163
97,160
36,79
149,46
64,137
162,47
136,41
109,119
118,132
153,38
142,187
43,122
182,86
13,57
152,152
125,1
145,27
188,37
4,151
78,5
16,13
86,117
167,10
27,59
166,74
13,189
5,25
122,69
161,115
113,114
96,183
173,86
142,27
133,27
6,112
195,95
133,24
1,88
108,138
143,119
199,50
134,170
179,124
197,64
111,99
60,150
73,19
140,138
133,62
125,153
8,106
93,37
80,177
190,27
150,159
91,26
105,190
74,176
113,67
103,84
58,24
134,87
154,113
138,113
5,109
33,62
145,171
72,129
145,76
80,109
78,153
141,19
113,84
144,73
176,84
117,38
72,45
35,38
176,166
156,29
123,146
155,35
30,145
16,165
149,87
135,167
59,9
10,74
29,134
59,66
71,115
12,96
142,125
69,123
39,189
175,8
179,84
125,86
95,147
130,170
193,154
147,85
25,180
71,65
48,151
108,189
21,128
173,25
15,175
58,57
78,54
16,131
83,0
42,58
107,118
36,147
95,138
109,10
92,148
177,136
133,117
33,104
1,53
150,99
154,95
90,74
72,43
116,45
197,78
40,119
144,36
50,60
58,50
17,43
103,7
93,28
63,19
189,113
10,140
176,167
65,77
110,38
165,90
45,90
36,147
61,154
107,150
127,12
37,14
108,156
35,42
14,29
46,140
56,131
40,168
67,180
172,78
101,167
48,67
186,163
127,175
102,171
62,108
102,107
13,26
64,54
183,171
20,187
185,42
132,165
127,63
141,180
196,86
196,198
24,56
93,70
105,157
57,14
89,50
182,125
53,35
143,38
147,135
178,12
82,115
146,167
96,42
104,196
2,196
91,148
180,196
4,95
38,148
140,104
159,101
78,82
2,96
128,199
190,115
8,18
20,21
187,23
154,92
132,8
168,189
13,161
181,93
6,6
17,53
24,98
130,6
175,88
158,128
197,165
65,152
39,132
30,183
103,38
169,0
29,69
43,39
49,198
113,104
111,59
161,163
112,122
65,66
35,59
110,79
177,137
180,163
156,71
50,186
8,93
199,179
63,52
45,74
193,191
123,101
48,70
179,105
90,150
136,72
196,184
157,123
4,90
27,82
89,34
168,122
47,142
13,156
163,85
149,8
7,12
18,88
177,25
27,149
115,66
80,26
53,146
106,85
82,8
163,60
98,33
123,139
43,183
37,194
55,56
189,94
65,148
179,104
45,69
17,113
137,154
162,198
105,171
62,87
75,77
186,61
118,51
155,197
106,64
105,194
40,98
144,6
95,95
108,191
157,156
156,27
32,20
193,39
52,38
135,10
92,110
51,79
199,79
57,19
180,24
191,106
195,160
79,75
161,14
76,116
8,103
111,159
10,196
128,108
84,178
150,123
177,2
120,62
141,183
134,10
54,176
40,198
33,137
43,117
185,34
26,47
176,107
137,166
135,81
9,188
161,104
52,182
46,155
128,34
80,172
68,11
111,159
62,49
196,142
15,186
87,147
145,27
126,55
8,2
189,114
106,105
6,63
120,182
61,74
139,117
64,104
7,86
13,103
89,153
193,20
26,156
77,19
119,51
154,17
128,165
110,40
136,5
65,24
105,26
49,1
153,151
159,7
118,121
128,184
198,25
20,169
126,8
22,39
99,67
132,107
13,85
182,112
195,150
182,48
66,199
175,1
190,193
73,21
128,178
16,68
161,49
189,56
119,123
164,82
13,50
96,64
48,112
63,179
113,153
21,55
59,27
107,141
35,42
197,46
125,109
81,122
143,82
198,36
13,178
24,155
146,184
114,167
186,66
104,86
109,122
135,94
2,100
148,112
194,17
35,35
59,199
191,164
64,192
119,134
54,105
57,187
13,7
159,171
7,65
150,176
10,108
159,134
60,107
65,167
122,64
167,185
186,174
54,85
196,160
28,38
168,96
86,92
23,173
100,157
196,191
51,60
188,47
77,99
141,56
73,177
29,100
138,41
58,192
87,148
15,0
62,82
102,189
80,47
177,54
16,116
110,122
163,145
178,110
116,112
158,103
26,140
127,122
179,163
112,66
79,5
183,175
3,177
114,138
63,159
91,179
125,180
1,118
123,49
140,89
126,196
168,186
104,189
193,132
64,50
116,97
29,122
147,142
90,88
22,83
135,115
24,195
22,121
10,54
5,165
171,132
50,28
176,11
185,70
80,4
144,157
31,40
53,7
168,115
130,176
91,100
148,182
163,126
61,154
176,136
103,180
22,112
9,163
47,12
181,119
136,14
33,52
121,35
13,197
189,40
133,114
73,144
51,0
55,29
77,67
191,124
82,24
197,27
26,175
58,19
103,179
27,10
80,51
101,93
102,19
174,51
142,146
35,106
116,95
71,176
173,109
26,104
73,138
134,146
142,164
190,176
5,126
122,80
111,110
176,119
150,139
152,57
111,10
48,199
159,166
42,122
177,49
106,53
117,3
138,46
38,96
141,157
8,42
94,31
193,89
167,48
164,93
183,112
121,137
44,17
60,110
14,124
110,22
129,120
61,31
103,173
153,180
69,178
175,17
168,32
135,132
164,27
60,115
16,159
79,47
158,54
105,97
65,40
12,82
53,113
21,99
124,7
137,122
25,197
54,177
101,87
160,115
94,162
172,53
69,8
141,57
18,30
171,56
107,144
159,1
5,63
198,187
182,118
188,105
199,135
47,148
172,21
124,101
87,45
81,149
167,79
50,29
58,57
149,55
133,197
186,2
111,120
24,52
118,145
162,151
157,148
107,60
182,8
76,71
79,185
156,78
82,3
163,157
61,137
82,68
191,71
96,49
68,67
124,164
110,115
20,172
161,103
13,26
108,166
62,72
181,103
66,167
64,7
47,197
186,143
155,25
50,140
185,132
24,24
124,121
71,180
31,111
39,122
21,82
43,156
157,101
5,164
24,103
105,153
86,196
153,113
140,74
132,160
33,166
181,148
169,191
137,27
55,23
13,109
80,139
137,62
14,131
1,179
93,108
22,34
114,169
73,164
153,171
121,123
183,127
16,58
80,194
167,58
191,113
76,22
129,25
47,55
165,104
197,58
66,97
10,28
150,98
12,110
60,119
183,139
79,18
158,174
94,26
138,179
30,16
100,156
34,141
138,93
124,87
167,36
35,139
24,13
130,85
23,179
137,34
162,10
47,118
49,20
185,4
1,197
32,193
51,150
179,160
33,169
14,138
113,44
183,118
85,107
70,84
83,123
35,156
35,26
194,32
190,34
69,181
31,120
36,19
180,29
133,100
70,118
80,51
133,19
164,165
39,152
147,94
193,57
198,32
21,1
150,101
130,86
169,60
103,47
21,188
47,198
98,96
57,111
113,3
135,130
80,67
24,26
119,79
151,184
39,107
149,133
120,157
125,111
173,139
154,143
183,127
186,141
21,181
7,35
3,182
22,115
140,62
39,135
123,55
183,147
197,144
125,13
41,106
192,68
3,55
27,88
38,198
109,4
153,134
140,157
92,166
24,14
93,179
72,43
7,143
80,196
156,95
87,99
74,114
32,89
75,22
119,85
48,8
81,20
15,119
190,79
104,115
115,69
2,151
44,7
33,55
56,121
154,193
193,199
37,62
189,170
173,32
82,171
55,154
81,32
58,62
50,118
120,173
83,170
106,88
12,127
20,158
64,53
50,7
76,33
131,91
79,68
91,158
193,150
129,66
178,40
13,159
76,81
125,99
130,16
64,143
76,135
175,145
11,86
181,132
79,56
133,56
180,105
105,68
1,94
149,109
104,35
30,174
175,93
153,105
188,3
66,125
15,88
177,56
58,185
165,177
41,145
166,177
129,43
179,120
123,32
60,133
89,142
9,182
111,173
194,138
182,20
86,74
35,150
189,140
181,194
152,89
58,146
62,137
75,35
48,15
183,64
78,185
51,18
133,14
34,45
172,121
152,112
164,181
38,182
187,82
92,74
174,82
3,9
1,125
90,181
91,185
42,160
199,157
176,161
25,88
57,95
189,180
111,128
48,18
73,53
192,16
162,109
155,192
88,103
102,89
27,1
45,51
177,66
28,149
63,156
44,140
74,178
33,116
95,17
155,43
32,179
86,101
109,158
56,61
2,123
7,60
176,140
3,33
115,198
44,51
103,83
107,96
128,135
175,129
192,0
50,23
78,164
116,139
105,196
102,155
58,4
83,55
91,137
194,49
117,119
156,71
196,83
108,25
76,125
117,59
130,190
77,94
125,59
116,113
130,39
42,18
172,148
176,154
51,56
92,44
81,15
110,69
156,138
89,100
10,15
99,47
195,110
45,93
95,59
182,31
120,84
40,190
92,189
143,169
48,76
155,41
121,199
152,132
22,113
7,198
23,128
172,60
96,5
96,132
126,176
5,161
82,82
119,5
102,99
114,106
158,74
120,197
139,150
74,75
109,144
192,151
34,117
57,87
68,22
3,55
19,63
109,8
64,120
164,147
158,55
197,28
11,0
13,146
52,126
140,173
77,9
193,24
131,50
56,101
51,152
189,143
165,2
145,177
63,52
192,39
56,137
112,97
42,95
140,37
47,156
144,20
158,42
187,66
120,190
135,27
111,21
13,9
171,132
184,26
56,8
104,24
79,30
35,8
122,60
138,176
130,96
56,164
138,157
10,173
82,0
170,152
21,158
70,59
86,116
60,25
141,26
78,74
121,166
24,123
118,184
174,78
6,53
106,67
4,10
84,147
160,45
40,52
132,139
48,133
60,162
132,53
189,199
20,47
112,139
25,108
157,104
59,197
110,102
73,160
166,51
140,161
123,4
169,114
44,187
4,41
0,144
163,104
80,98
108,29
145,161
81,17
4,188
24,176
167,34
75,87
12,77
75,155
14,169
136,117
120,29
160,192
78,188
137,38
41,93
106,102
26,34
176,144
7,135
130,84
173,102
185,131
4,175
175,51
122,176
142,73
23,103
91,78
56,113
142,179
10,22
98,44
50,48
59,62
19,164
158,50
186,35
17,79
12,68
90,153
142,10
137,175
11,180
75,156
137,151
95,94
155,6
12,46
172,31
27,65
112,152
174,130
131,118
27,20
110,125
158,131
77,155
111,130
6,129
170,37
68,27
66,199
120,183
137,94
133,93
12,152
15,81
89,198
47,136
123,105
97,59
128,185
10,187
100,55
135,94
78,148
134,49
93,85
99,155
47,101
39,47
130,162
106,111
184,138
102,92
61,180
149,8
194,51
158,33
36,93
175,117
30,188
150,58
77,75
32,52
42,14
164,186
65,189
108,15
18,5
50,125
161,135
78,139
128,114
70,150
88,0
79,79
158,138
101,72
45,7
153,83
185,170
130,198
194,196
126,174
177,132
159,141
72,6
12,165
137,165
159,39
165,67
102,28
197,149
32,118
40,174
6,199
134,62
83,130
24,93
58,32
115,184
195,152
176,121
1,60
150,29
125,5
72,90
27,5
168,195
115,145
74,135
164,54
104,94
164,9
7,145
125,62
4,60
0,185
140,90
167,190
174,57
64,23
142,198
122,178
175,106
83,3
7,144
146,185
176,193
85,20
190,169
11,172
118,168
9,146
36,70
41,199
98,184
129,30
158,197
28,65
100,24
191,126
149,162
138,197
176,164
65,116
175,155
131,108
17,85
6,28
132,47
77,28
56,136
176,131
44,90
85,153
173,111
194,17
76,45
152,129
41,137
50,187
10,20
99,142
25,118
107,132
0,74
160,168
0,54
46,147
118,60
161,112
116,119
80,42
73,91
11,162
168,131
178,137
39,178
80,26
158,155
114,48
36,1
151,63
79,59
87,153
51,42
62,74
37,49
164,127
186,152
175,199
13,135
191,69
189,181
167,17
68,34
150,121
15,61
56,164
15,192
122,149
86,26
34,59
19,72
99,90
104,149
130,74
134,164
12,154
191,165
139,195
111,84
91,92
129,187
148,192
117,108
96,106
26,113
76,68
113,102
39,135
95,137
148,55
131,51
2,105
158,194
5,2
157,154
21,163
63,197
126,135
183,192
160,148
60,130
44,134
67,194
160,105
153,103
189,24
175,137
91,130
105,193
160,55
86,102
60,115
113,174
98,52
72,5
92,143
68,82
110,103
157,108
53,92
31,6
106,180
80,58
67,2
75,137
24,197
39,185
170,121
104,15
59,57
143,0
169,149
193,11
60,136
38,26
1,154
148,15
155,190
126,82
69,23
35,179
170,145
112,183
62,165
35,119
66,169
175,156
27,127
170,26
44,161
31,23
168,137
125,173
197,56
199,0
17,131
43,139
3,88
24,167
112,102
119,140
149,164
59,182
87,128
102,111
138,135
128,165
49,27
100,145
94,187
52,190
19,32
27,180
44,62
56,125
122,120
99,151
21,29
78,81
185,62
69,173
10,95
179,111
63,181
96,96
4,151
80,56
117,79
36,45
10,155
72,39
43,69
59,162
18,67
126,188
30,148
163,109
15,184
30,101
86,57
136,2
38,19
34,89
74,146
103,55
13,21
181,66
62,43
138,57
193,136
3,122
93,38
132,23
88,72
101,185
1,134
31,37
0,79
165,81
71,98
162,132
92,173
148,38
52,111
18,55
164,174
22,87
105,190
176,181
156,21
152,165
196,18
0,71
170,138
45,174
133,19
10,163
132,197
32,58
108,168
144,142
146,49
100,186
197,130
71,62
133,139
125,73
177,84
115,110
112,153
12,117
83,139
182,20
125,108
106,45
139,107
188,192
73,50
132,189
2,199
58,0
75,116
85,65
106,40
191,178
160,122
60,84
76,154
8,50
69,60
131,15
108,114
47,17
119,32
110,14
12,175
111,143
109,50
13,172
109,38
141,160
130,168
10,144
167,110
80,186
94,72
170,65
148,193
188,107
99,40
125,171
88,12
17,144
55,172
141,38
192,115
134,131
1,31
156,134
119,55
175,60
103,81
170,143
80,136
6,4
62,15
104,54
177,88
188,33
40,59
74,52
59,53
150,49
80,199
74,39
165,81
163,163
144,129
57,16
183,188
21,164
166,8
20,160
66,154
196,185
157,121
36,75
35,141
36,101
55,181
80,12
81,91
118,8
148,68
159,68
159,132
44,133
106,100
173,67
127,0
71,4
159,87
108,10
187,69
97,42
81,91
199,75
22,72
136,170
156,127
72,12
41,11
122,180
103,169
115,46
198,42
162,57
60,63
188,101
128,41
11,35
127,172
13,167
53,28
177,50
167,100
12,51
126,166
193,44
92,192
134,32
115,144
16,24
1,190
146,137
50,24
45,142
139,133
152,49
184,196
109,137
47,32
163,178
168,150
116,155
157,76
56,168
186,49
53,54
29,143
175,81
152,191
173,129
87,141
5,61
172,188
88,86
48,102
162,185
97,59
89,87
151,120
135,139
50,170
112,97
95,33
124,19
24,8
47,87
139,13
161,15
153,151
154,176
154,4
165,195
59,132
126,15
184,3
174,72
85,87
160,49
66,122
152,164
112,177
187,140
172,135
166,124
61,112
106,63
191,145
109,182
162,154
69,140
139,132
196,190
176,29
174,174
91,109
193,190
78,170
134,128
81,192
19,171
88,157
132,166
188,112
9,177
105,34
94,8
171,110
144,193
40,183
54,132
176,37
70,86
112,170
82,24
196,11
69,121
146,63
84,46
120,165
161,114
45,32
69,79
71,146
4,33
36,41
70,103
139,121
110,193
21,134
110,130
130,125
136,189
92,171
72,19
108,61
10,169
97,132
99,87
40,89
0,29
151,164
99,12
31,42
173,123
178,176
78,59
119,61
188,11
16,0
101,74
155,33
192,66
1,6
175,135
73,147
84,128
167,67
28,21
125,174
67,132
58,196
113,80
177,60
153,177
100,179
96,157
168,195
132,58
116,90
68,72
163,151
64,143
23,98
197,74
90,79
80,74
127,160
194,83
9,54
50,139
110,171
144,190
99,74
164,176
29,114
199,0
149,189
122,107
61,176
188,128
47,118
140,184
3,104
152,40
11,77
193,49
197,78
71,82
140,125
77,11
19,68
72,17
149,168
109,93
175,149
105,116
88,153
80,122
75,135
52,56
76,67
181,140
123,104
166,6
18,138
157,26
198,79
137,21
183,50
88,31
54,17
196,18
85,146
148,13
88,61
186,68
43,189
175,23
134,1
127,132
115,4
52,79
154,64
29,81
157,144
64,13
144,159
180,148
29,168
94,118
62,20
120,167
27,92
147,81
32,89
189,82
83,196
73,52
69,99
186,195
58,159
158,6
76,108
153,83
16,135
8,126
17,114
138,134
126,30
166,30
84,36
155,21
164,66
127,137
51,172
174,178
132,167
83,100
15,144
67,22
97,147
41,59
98,168
174,177
70,80
78,198
102,117
78,194
66,79
46,9
44,151
38,60
123,93
184,29
106,103
47,175
77,134
44,76
171,114
149,194
166,46
9,172
147,166
158,162
67,9
164,84
138,132
17,7
60,3
6,152
142,143
113,49
176,163
91,118
63,150
182,141
122,136
62,172
83,48
75,16
197,62
89,48
195,6
184,12
108,54
42,1
9,24
4,136
75,141
109,138
32,142
153,2
27,97
139,107
58,48
44,100
37,58
174,59
44,163
120,187
116,144
86,158
39,170
112,87
90,88
103,162
180,85
64,16
89,125
195,68
164,135
93,10
146,60
173,198
3,45
76,77
30,30
105,140
92,74
168,131
178,78
189,189
60,133
186,150
117,92
14,89
146,73
43,145
171,57
161,199
103,16
91,108
177,14
138,120
118,102
174,124
97,124
89,52
93,165
3,151
81,38
129,193
176,123
53,76
157,115
17,161
124,123
105,91
74,1
64,142
153,2
50,44
122,116
134,31
143,158
189,65
109,196
46,65
188,12
151,17
92,122
160,163
52,61
159,100
166,68
5,130
4,129
100,159
123,18
44,135
138,87
149,157
167,189
2,64
28,20
196,2
28,105
98,54
63,0
53,98
188,191
127,134
61,22
18,191
29,21
156,56
155,198
129,95
171,192
42,137
69,69
161,192
40,189
85,121
21,26
20,22
194,48
11,101
37,125
7,97
181,36
144,94
33,129
113,72
156,129
70,96
9,196
115,176
81,169
165,144
15,192
179,194
46,164
5,160
173,46
90,92
2,111
55,11
150,19
135,41
17,157
87,6
133,191
113,104
139,178
54,62
108,155
184,138
21,123
75,110
18,9
118,21
57,99
16,138
81,134
155,15
47,180
120,165
63,198
186,107
66,55
180,81
31,95
179,1
42,50
88,114
147,134
163,73
27,11
130,66
14,164
141,23
158,107
47,186
27,119
96,189
17,132
80,102
171,151
199,193
48,89
164,11
12,160
0,111
177,111
173,107
10,80
29,123
188,121
89,112
136,114
121,89
7,7
125,146
107,186
78,50
89,41
144,54
134,82
100,132
22,146
150,9
0,27
11,54
126,109
15,150
136,97
107,139
29,93
169,17
81,96
14,113
197,20
0,116
2,8
43,22
25,154
16,25
53,127
136,24
43,198
58,55
181,92
121,116
131,27
7,160
133,20
143,13
62,82
11,160
195,43
36,193
133,14
150,153
86,29
140,94
132,92
96,194
109,135
195,197
114,87
18,143
176,150
153,167
46,2
88,142
103,76
168,103
161,56
65,113
164,24
108,160
134,68
102,16
178,129
74,119
122,153
23,191
134,82
187,102
160,68
178,126
94,104
6,58
56,87
53,38
60,190
6,59
184,49
49,58
109,142
72,119
44,139
105,59
72,70
156,187
48,22
141,60
5,96
168,128
67,164
74,16
161,162
132,54
3,88
160,44
0,78
43,102
105,145
95,22
170,190
197,78
60,113
148,1
186,185
109,174
24,137
133,196
64,85
161,97
188,134
78,136
85,102
162,10
100,117
61,185
118,56
24,82
10,130
128,63
104,125
48,1
23,146
27,122
29,87
190,49
67,19
80,95
109,92
81,6
86,60
57,153
54,99
7,30
82,18
188,100
176,25
1,164
65,44
148,16
38,80
180,35
102,154
106,41
86,177
54,48
153,28
17,123
169,48
33,131
30,7
128,192
118,97
131,87
129,73
179,166
118,127
35,182
63,2
170,107
91,179
128,6
160,19
1,7
140,118
7,78
66,14
13,90
95,127
38,70
156,186
122,7
148,82
58,14
52,113
166,177
127,77
69,123
163,149
87,102
69,118
83,177
26,28
102,84
67,185
139,83
87,11
34,35
26,8
63,188
100,35
54,136
149,15
133,20
26,179
175,109
61,75
98,197
168,142
70,189
8,77
192,84
168,194
195,100
37,170
133,137
100,12
60,67
176,61
187,128
68,166
158,123
195,121
124,78
29,34
114,92
119,17
198,100
139,132
13,195
78,129
74,193
50,117
66,194
57,159
7,50
167,126
75,158
49,128
84,191
75,115
84,92
111,17
64,36
37,57
151,136
103,154
135,121
45,0
142,22
185,20
158,146
160,199
145,132
22,51
125,159
108,91
36,10
139,82
22,17
193,179
158,141
135,79
82,181
2,106
47,72
77,82
39,67
37,158
43,14
53,75
7,64
178,81
3,184
85,171
174,46
46,39
120,109
39,138
192,35
96,84
0,17
157,79
134,176
52,124
158,13
30,21
121,127
21,149
22,118
19,19
40,103
107,115
109,125
16,38
29,19
73,94
140,184
25,52
122,72
59,191
15,185
131,126
15,42
173,10
94,75
184,112
124,183
153,82
76,13
199,61
4,136
85,140
42,36
137,63
97,90
72,70
173,33
161,139
177,38
164,18
141,46
45,117
79,52
115,91
89,2
49,45
118,51
118,48
112,175
146,164
109,59
178,31
158,20
172,33
113,61
179,102
6,91
40,0
102,182
19,171
33,166
21,137
189,186
194,156
8,109
96,2
24,5
190,72
28,171
56,75
182,175
21,190
135,135
92,91
37,197
171,74
178,167
93,199
154,34
20,128
160,137
84,112
136,25
119,57
141,135
185,49
171,181
63,149
2,176
7,66
5,65
125,196
80,109
39,32
6,148
11,140
22,74
145,72
147,131
23,179
177,41
2,108
50,34
87,168
100,150
147,120
95,61
197,78
115,153
44,28
197,187
175,153
68,12
120,50
130,17
100,184
42,110
112,157
24,150
22,119
57,154
22,12
0,107
51,96
187,82
106,41
72,117
174,82
164,139
172,126
172,122
82,68
178,73
48,40
14,94
63,186
189,133
108,37
85,53
137,125
69,57
160,54
142,163
98,185
125,6
11,182
98,71
83,163
183,66
68,117
118,141
133,51
29,42
164,45
97,114
29,87
91,133
7,197
149,162
133,166
189,180
121,178
35,29
94,119
131,134
38,33
89,15
148,110
175,31
79,151
185,21
53,60
64,9
62,4
142,128
167,8
3,26
118,18
74,103
18,191
73,42
54,171
137,193
140,109
124,113
36,17
72,23
136,81
179,20
45,15
141,192
21,27
38,80
76,195
3,18
53,168
76,18
59,129
178,165
145,143
158,146
20,155
152,148
11,78
66,57
165,183
38,34
30,180
155,117
82,114
188,176
87,97
26,199
29,88
162,158
84,110
43,182
130,1
21,111
176,77
29,79
47,18
0,104
133,92
120,179
37,131
103,35
101,180
169,186
74,151
191,178
128,97
62,5
72,105
165,26
189,169
137,4
174,72
182,48
36,80
100,186
96,29
90,16
64,191
51,157
150,49
181,182
58,42
84,64
7,98
115,78
101,39
62,83
167,25
189,50
132,110
23,103
45,12
134,69
173,129
191,2
133,150
70,116
109,90
187,11
30,64
185,166
32,197
55,188
14,145
25,55
140,128
129,96
153,141
77,170
22,62
114,161
156,113
36,31
4,167
84,41
49,109
130,115
123,67
84,145
112,126
89,124
189,32
115,145
66,52
191,121
129,179
199,193
51,3
63,151
138,178
130,24
140,117
116,42
23,179
185,115
150,116
138,125
13,69
64,143
92,58
43,97
74,90
37,64
4,159
169,43
182,96
191,76
110,198
81,62
13,133
170,105
184,19
151,172
132,185
193,180
63,132
27,23
123,128
100,6
103,8
19,90
7,133
30,74
17,38
76,53
79,31
187,181
86,109
108,110
8,167
54,132
174,108
199,161
164,61
3,45
146,179
54,187
149,6
143,189
36,101
37,7
106,94
33,124
166,127
192,111
189,66
167,22
178,97
196,101
6,166
3,32
86,186
169,79
163,180
123,14
198,70
92,176
182,139
70,125
88,118
96,7
180,101
192,110
138,180
139,156
198,62
10,120
79,134
128,180
74,166
137,78
180,79
199,166
71,133
55,127
85,140
10,173
102,51
173,164
177,153
133,38
29,78
66,188
44,109
114,179
126,57
176,58
131,112
98,112
52,174
131,104
141,42
8,121
180,131
114,190
193,93
90,32
182,12
147,174
122,131
22,81
32,87
124,24
78,38
114,93
108,164
120,28
158,11
61,185
39,97
103,21
59,64
38,143
199,151
155,73
14,26
169,35
74,0
60,40
147,56
33,108
16,120
77,183
93,98
75,198
66,153
178,164
180,199
166,133
77,150
73,182
115,166
44,9
199,39
161,19
157,121
73,5
77,11
126,172
138,188
69,169
168,142
59,143
118,159
122,61
37,153
13,68
18,97
122,45
38,14
168,18
51,57
0,122
7,152
47,112
175,145
185,35
71,169
33,4
33,142
39,100
85,174
141,58
183,159
1,186
192,194
156,110
173,69
145,10
58,61
137,190
166,10
65,131
164,18
97,82
151,19
65,96
156,49
24,103
83,66
1,49
13,195
152,115
28,85
75,154
90,188
119,4
138,15
7,19
10,118
30,3
34,136
33,169
89,167
114,146
151,37
51,134
67,85
190,103
137,180
138,14
167,116
141,150
36,49
126,141
74,198
115,195
95,22
19,196
19,199
32,0
34,117
128,45
188,99
109,80
58,149
195,24
183,95
170,81
160,156
11,94
187,143
15,157
180,45
134,28
29,159
189,93
6,135
147,165
110,129
51,134
15,118
174,178
114,49
12,29
87,156
88,28
110,29
45,105
63,53
51,176
51,135
142,40
48,179
190,18
72,82
48,24
13,165
91,65
120,83
74,56
179,20
193,64
178,186
111,25
14,30
137,75
72,11
33,19
9,167
48,33
13,195
121,88
32,56
140,36
28,29
110,79
43,141
10,155
72,120
159,27
135,30
40,189
16,50
175,177
145,151
86,156
174,121
6,85
114,151
156,138
37,186
147,68
50,63
83,170
48,117
62,66
188,97
106,47
110,26
143,37
74,155
31,113
118,12
175,32
8,0
104,69
189,61
42,115
144,25
79,39
139,54
85,122
61,174
41,38
173,33
27,121
175,63
188,34
147,154
49,105
162,167
92,37
10,70
139,103
55,92
101,146
153,110
130,186
93,149
159,125
125,172
104,103
73,168
171,38
183,179
130,103
96,78
158,125
117,57
109,68
188,37
182,101
117,21
19,189
62,166
126,15
22,149
181,86
188,103
91,176
94,4
99,194
92,24
83,172
5,118
129,72
173,159
130,122
181,104
13,91
151,144
166,121
173,83
31,92
56,134
105,123
65,117
146,173
143,198
13,93
191,19
113,95
98,78
160,148
92,66
50,156
50,144
84,44
127,81
113,124
102,135
26,94
109,103
196,123
143,82
27,196
143,23
187,118
39,87
76,181
51,0
4,18
59,7
34,126
158,123
51,27
182,48
196,143
153,194
99,112
176,164
31,84
40,27
198,103
129,199
30,93
178,125
137,59
167,16
10,17
160,129
23,108
195,27
112,171
19,173
68,88
105,163
198,40
66,174
42,148
181,122
64,41
49,10
1,143
75,42
136,28
12,117
140,101
16,175
94,147
60,106
68,163
28,46
101,13
159,169
16,65
56,37
91,138
163,70
174,88
14,151
114,106
136,120
133,123
25,138
18,124
133,31
98,96
118,194
68,87
153,149
193,170
193,67
68,56
96,195
54,50
99,171
130,146
26,131
180,66
25,126
46,21
144,42
25,29
117,120
88,173
79,30
128,145
156,86
120,176
45,21
127,157
79,186
156,51
90,111
41,17
139,108
133,57
176,41
154,3
45,106
85,156
155,20
186,57
50,188
165,192
159,148
113,60
182,189
80,143
179,191
77,19
45,13
126,94
13,185
19,151
182,183
161,143
41,17
9,160
86,142
37,121
40,17
161,32
23,193
94,99
140,138
45,178
71,137
156,134
118,39
63,47
82,162
174,55
160,36
184,62
149,96
44,112
102,63
15,149
71,146
132,145
25,103
196,0
191,64
50,159
101,57
108,16
157,119
30,67
130,130
183,70
80,168
182,69
131,85
187,31
188,168
193,163
72,152
169,100
10,85
23,87
183,87
94,173
146,117
53,154
113,138
178,178
184,35
124,88
123,4
147,28
170,88
93,35
192,168
165,186
88,171
42,127
198,190
99,130
50,176
13,162
162,94
58,135
195,138
7,47
167,189
80,26
88,31
109,145
30,45
191,97
13,142
185,131
18,131
16,13
34,188
119,147
196,65
119,104
175,46
144,53
13,32
35,43
145,52
53,165
33,110
162,153
65,11
167,25
63,78
162,172
171,90
105,127
175,51
179,167
22,105
51,85
188,61
64,107
162,122
118,108
153,79
174,52
6,35
180,126
6,28
78,64
155,130
38,187
46,53
69,146
155,88
8,42
19,152
106,72
102,117
138,24
171,170
50,95
166,181
147,191
116,195
183,5
149,82
80,2
36,91
31,121
143,177
113,24
70,46
80,102
90,40
36,29
2,71
88,187
40,12
32,127
46,7
179,28
26,68
160,86
196,44
76,57
64,133
183,161
16,177
27,92
20,130
147,175
157,37
52,179
181,123
109,183
89,34
84,162
196,34
69,194
160,189
192,59
168,140
104,190
147,122
39,32
118,28
127,77
10,67
68,138
139,84
109,32
2,103
122,91
101,64
193,3
9,10
117,5
1,111
163,12
59,82
160,75
148,73
167,78
116,128
127,192
52,119
9,20
93,22
175,195
63,28
170,70
186,102
196,112
141,48
63,136
109,132
83,175
41,102
178,193
132,176
135,20
197,48
197,121
46,101
45,98
99,109
108,183
95,196
135,112
186,149
191,47
0,69
176,25
174,80
168,12
166,3
125,154
12,61
73,55
45,149
11,178
153,21
91,49
13,40
85,179
177,30
187,170
55,51
60,166
67,129
37,84
31,190
137,26
62,193
198,152
67,169
155,195
101,10
86,195
43,18
152,170
192,71
138,160
116,20
179,124
150,39
107,17
183,140
196,18
1,55
185,33
149,13
9,176
110,68
174,50
63,22
76,57
68,38
185,166
84,67
12,1
115,93
94,141
33,56
35,29
95,130
162,171
4,151
75,56
199,23
9,89
36,175
130,147
49,25
72,92
140,94
58,15
29,61
43,165
149,122
141,46
77,165
59,1
176,21
20,90
25,174
27,24
81,185
101,143
155,169
12,53
8,104
141,187
14,38
101,178
136,168
153,130
39,175
44,186
185,31
84,182
26,196
194,142
48,118
1,6
146,149
138,133
184,92
53,24
35,4
12,13
169,174
79,39
29,101
176,193
80,127
4,48
56,116
175,149
94,186
58,151
40,195
102,171
188,192
87,105
156,178
146,196
40,136
161,50
27,143
135,127
77,192
151,32
153,165
139,16
120,12
142,16
83,101
105,167
92,65
42,75
194,86
173,94
58,138
28,40
199,76
175,1
149,170
124,50
77,69
66,46
144,159
74,135
107,31
100,123
72,89
116,35
72,69
180,51
94,58
34,171
141,64
189,29
119,65
156,57
198,176
54,179
146,78
186,177
104,101
127,46
197,154
12,138
58,93
173,141
72,171
20,133
138,139
83,58
180,175
79,195
193,163
158,59
11,128
76,143
80,156
134,122
173,185
141,144
126,109
182,24
150,173
171,33
15,50
164,74
40,130
113,97
130,129
178,160
23,71
39,59
107,15
141,172
35,69
133,52
20,125
9,190
199,103
126,2
119,72
198,109
139,94
23,5
155,56
198,133
53,97
7,29
47,153
95,192
125,127
189,161
193,195
56,143
62,78
108,140
152,185
0,109
71,55
96,69
87,30
196,20
44,111
68,184
121,60
85,100
27,20
136,112
38,120
33,9
165,67
22,121
61,99
183,114
40,29
61,187
54,18
80,159
175,31
43,160
81,196
37,39
113,138
53,158
15,6
74,166
48,172
32,146
74,50
152,167
53,32
176,85
193,84
195,183
79,164
198,39
126,124
188,115
44,137
104,21
122,46
46,140
198,185
111,102
11,8
26,28
124,77
60,90
11,144
111,86
88,180
57,197
160,61
187,18
136,192
51,66
133,76
120,11
129,118
30,121
79,55
65,152
160,41
158,91
179,1
65,75
148,150
165,106
115,14
57,124
151,74
153,24
86,35
53,148
128,161
131,97
25,113
13,61
8,17
5,27
65,50
194,22
145,72
43,6
30,35
136,70
38,95
151,35
43,38
55,109
179,146
140,76
129,177
196,13
145,128
20,10
190,178
55,114
85,22
164,150
107,193
85,123
53,36
198,4
4,120
32,135
34,83
189,174
12,147
45,35
33,40
189,141
113,61
19,104
171,189
83,127
51,109
1,35
67,138
99,176
87,123
172,171
22,160
132,145
153,156
68,73
83,150
31,87
150,57
12,45
47,103
130,179
137,184
198,114
168,162
178,171
174,127
1,161
70,142
153,46
86,140
93,17
58,140
59,154
114,138
115,99
116,126
186,70
12,195
71,73
198,80
35,18
19,59
130,31
188,114
139,130
136,41
66,154
43,90
156,50
19,37
143,104
90,134
131,88
141,9
70,14
105,13
153,195
124,46
35,178
105,38
146,23
35,120
174,107
31,66
143,166
83,116
124,140
22,39
99,129
168,101
4,16
97,108
72,59
145,124
164,104
94,115
7,46
16,40
76,75
111,171
158,179
166,133
15,34
161,7
105,184
181,142
79,101
124,77
144,143
30,26
199,164
198,79
78,196
156,93
165,7
28,43
0,78
86,145
166,100
46,114
28,2
9,132
160,162
50,94
110,95
112,144
111,42
88,145
33,89
97,195
196,40
83,126
29,155
50,101
182,13
195,53
199,152
65,170
172,120
60,180
51,197
47,160
19,123
14,23
125,34
115,43
110,92
119,53
12,184
84,81
173,49
75,69
60,110
159,46
162,152
183,163
11,31
142,103
189,110
11,7
135,171
150,99
93,56
127,53
195,32
117,133
122,108
69,149
143,145
108,193
71,17
173,44
54,154
183,183
57,157
5,26
161,161
13,146
146,57
49,28
129,80
161,61
165,133
118,177
51,144
90,189
53,128
184,181
195,167
123,89
165,26
170,47
133,113
1,126
7,114
101,7
184,57
183,29
199,6
128,0
177,79
144,124
154,81
133,152
58,190
166,102
39,117
179,183
112,43
154,103
198,151
71,74
7,186
150,24
44,92
17,188
167,139
143,181
99,98
117,11
149,182
86,57
6,168
83,86
46,71
146,173
196,48
169,93
142,118
46,130
173,121
142,100
143,109
78,59
101,121
110,13
6,84
144,93
1,160
37,133
138,160
141,87
71,194
83,84
56,128
131,167
63,107
133,153
47,154
139,58
140,8
162,146
194,92
169,124
103,16
171,99
193,1
144,147
22,100
131,58
27,123
133,99
141,30
20,155
124,10
37,181
97,47
34,79
40,146
41,3
79,115
199,199
124,84
182,116
40,137
14,4
13,0
100,103
143,15
169,119
143,104
97,170
186,83
2,2
78,196
57,0
130,141
99,119
138,166
81,51
152,81
143,150
85,161
167,90
31,29
177,176
143,50
92,44
11,117
196,198
137,104
36,196
137,75
74,103
63,180
164,78
17,42
128,158
139,113
7,48
22,133
70,19
35,37
33,157
165,90
24,41
147,49
39,10
112,19
103,129
190,156
152,136
161,2
33,124
50,82
157,159
3,50
88,169
102,168
192,7
93,71
62,11
96,160
59,113
81,144
6,181
153,135
177,106
189,154
160,65
62,5
92,85
177,157
65,116
111,30
128,45
194,6
53,123
138,72
60,55
14,98
114,51
17,136
37,86
43,36
131,34
110,106
50,68
23,180
154,53
117,154
27,1
162,182
167,141
22,174
116,83
173,16
95,76
188,110
168,198
8,30
142,119
159,181
125,148
52,123
147,112
138,3
167,40
53,173
104,194
141,34
22,164
11,133
173,100
98,67
162,181
159,118
163,166
117,175
27,155
45,82
100,58
28,101
160,72
127,118
184,50
111,114
132,47
54,19
125,94
137,34
173,74
107,197
173,157
76,129
57,89
14,157
0,188
2,85
3,27
196,117
54,116
122,155
170,105
37,149
154,85
86,83
62,154
168,142
182,91
98,135
71,106
18,6
10,160
176,177
56,186
101,22
146,86
101,49
122,156
94,104
152,34
105,132
78,48
0,182
74,188
7,79
168,66
60,150
61,64
54,13
127,154
67,90
145,123
130,155
141,171
128,41
193,30
171,14
39,193
27,153
198,33
178,109
79,142
196,71
44,166
139,25
122,95
165,30
73,126
199,87
140,27
11,180
31,124
102,78
157,142
110,45
65,196
195,27
28,90
57,108
178,38
182,187
99,9
166,120
106,80
98,52
22,142
126,10
23,8
99,18
179,153
83,147
44,155
114,74
101,129
147,128
162,5
27,157
35,82
144,142
112,147
121,195
21,99
169,139
21,46
78,190
122,67
88,23
62,38
29,123
88,187
199,148
115,36
187,38
84,97
30,139
113,85
63,195
40,33
2,147
91,40
8,74
41,36
3,28
134,168
148,98
30,110
111,80
10,175
168,78
160,17
126,144
111,42
145,13
191,165
156,102
74,87
65,65
34,57
69,73
135,65
51,102
99,124
145,161
29,186
100,127
145,0
161,189
164,182
194,107
23,49
11,74
100,120
139,146
42,194
9,37
135,35
89,35
177,199
117,133
50,88
195,13
118,1
65,13
126,110
113,81
166,25
114,117
180,149
73,120
72,171
44,53
86,32
133,173
57,165
79,178
111,6
173,155
113,132
44,131
11,118
10,50
58,33
169,123
4,140
159,50
145,107
40,46
7,15
146,136
47,94
87,18
83,156
108,134
68,67
199,133
103,84
28,71
132,152
40,135
124,137
119,15
31,111
92,154
124,182
71,26
74,8
182,2
49,127
93,153
143,59
169,27
106,139
82,36
134,103
198,80
157,136
182,129
30,144
90,65
25,67
7,121
147,21
182,64
53,127
193,111
100,174
114,41
129,104
75,62
122,11
49,137
78,78
122,83
87,92
133,147
19,181
93,174
18,18
61,159
113,157
127,192
90,47
45,71
90,185
163,147
168,82
3,17
128,130
92,144
113,2
105,28
54,133
96,127
57,146
35,93
102,82
12,157
123,63
195,71
10,140
80,6
59,42
161,25
160,116
9,73
34,85
151,38
199,186
98,66
89,131
82,87
198,8
14,141
17,77
17,151
39,166
97,198
125,161
90,179
82,10
1,192
114,134
194,180
193,11
121,31
34,19
87,190
45,71
33,35
41,92
58,100
93,4
146,73
52,181
78,20
108,85
183,147
134,33
140,129
76,87
22,69
71,66
82,140
94,74
117,9
121,153
13,5
198,191
73,69
11,67
196,134
123,174
45,173
193,4
174,199
188,61
66,193
118,193
197,175
19,74
142,107
39,40
145,42
6,1
107,117
186,142
60,62
145,86
104,31
9,120
88,196
13,162
55,107
88,114
131,127
24,120
21,179
89,9
175,12
19,89
62,100
188,166
129,19
111,76
17,93
131,198
108,162
125,161
176,92
149,172
15,160
129,112
6,195
91,135
47,46
112,42
192,4
163,25
138,105
135,193
190,43
143,154
197,106
166,92
49,42
92,87
43,91
110,67
196,14
152,184
173,109
38,190
39,188
119,108
173,42
75,156
172,65
17,28
177,14
127,126
27,130
188,96
113,50
71,55
128,40
49,149
10,41
124,107
165,44
68,58
36,156
25,181
56,174
174,152
185,78
177,177
24,18
72,120
36,174
155,184
101,119
45,6
79,181
106,30
61,149
134,94
41,12
72,11
23,112
152,33
128,89
191,3
161,33
188,58
117,50
141,14
108,29
34,159
143,170
156,186
71,8
64,135
31,30
101,164
199,134
172,197
140,164
85,70
196,113
116,157
5,172
184,121
31,67
6,5
141,10
27,122
77,48
9,118
108,163
167,136
145,76
45,47
155,128
96,13
164,118
160,15
188,186
98,192
88,27
118,132
48,83
171,163
161,141
52,111
196,103
172,181
48,87
187,126
102,90
151,129
178,63
184,182
181,162
175,143
173,99
94,153
144,40
67,77
192,173
8,50
69,108
43,91
122,125
17,11
138,158
32,53
46,78
190,59
71,11
119,26
130,189
65,174
81,97
115,180
42,35
182,69
86,13
168,143
75,85
122,170
86,187
159,199
144,65
18,193
164,10
48,26
83,167
3,37
5,186
147,52
56,5
184,47
92,161
138,28
173,97
26,166
28,97
169,14
132,90
110,174
15,51
77,155
82,77
130,42
124,87
99,9
169,82
127,134
135,69
44,113
103,44
9,97
13,119
34,173
172,144
55,89
73,139
144,70
80,72
128,86
188,88
107,0
178,122
189,147
78,58
58,130
72,98
79,29
142,103
69,143
151,106
63,84
105,163
188,133
129,14
28,44
1,152
21,154
102,8
16,175
174,38
9,66
31,79
106,181
7,99
14,105
159,194
127,92
171,111
62,156
126,173
65,159
94,36
73,131
171,161
30,139
90,174
152,66
142,95
35,47
46,56
188,87
67,126
196,180
164,61
138,75
153,4
13,71
186,142
23,165
92,122
186,81
158,196
39,167
23,22
113,61
38,97
71,120
137,189
164,106
52,137
48,61
29,166
88,110
118,139
134,167
198,50
143,11
15,57
131,13
1,21
101,40
187,147
41,105
184,136
186,128
151,125
27,1
15,64
79,15
124,194
165,180
75,36
41,145
188,46
8,55
161,133
62,156
158,140
117,140
16,147
14,65
107,29
99,15
26,107
10,38
121,95
55,67
112,90
169,144
111,190
82,114
21,173
81,184
41,11
135,174
195,50
109,92
167,45
68,120
114,168
196,64
97,142
10,72
79,156
111,79
96,7
111,65
54,16
54,99
99,94
158,91
72,109
89,48
147,160
58,73
41,28
170,183
132,165
154,182
127,143
27,93
9,51
89,105
39,33
71,99
11,114
93,54
124,83
127,16
179,126
170,94
74,73
55,58
45,179
15,163
45,38
95,97
62,135
17,38
40,111
155,176
154,107
19,86
11,137
189,66
168,174
191,130
177,160
125,78
103,78
154,146
109,8
157,163
27,44
190,51
98,155
46,63
153,140
102,113
32,3
111,18
125,35
128,22
91,65
140,174
136,77
107,143
181,146
90,169
131,136
96,148
147,102
183,110
194,58
49,89
158,0
155,95
27,32
97,98
115,136
123,198
142,102
143,40
31,177
46,121
49,37
124,38
41,77
59,65
146,98
160,180
192,4
37,64
61,59
152,101
28,155
95,49
64,169
24,130
56,140
115,13
92,137
144,82
109,71
24,177
20,164
119,59
149,68
180,157
102,50
70,17
116,170
148,25
148,46
117,101
194,70
77,105
114,97
130,6
81,16
168,108
57,56
178,92
27,199
153,36
135,73
147,51
42,27
91,34
73,152
60,167
92,196
186,173
147,158
117,132
118,154
49,98
177,148
20,191
186,14
54,78
110,52
172,109
19,41
105,58
2,154
78,163
37,182
172,100
130,49
16,103
27,49
30,103
12,28
121,186
19,0
77,46
167,29
79,6
117,189
130,3
122,54
90,151
129,48
181,135
106,130
19,123
115,125
69,77
132,194
154,137
138,51
155,179
34,52
170,171
126,95
103,34
117,154
0,87
131,123
68,181
97,199
163,113
141,52
150,63
111,130
96,102
49,68
158,3
35,176
147,169
129,187
177,83
84,93
154,65
166,176
4,33
50,93
75,86
67,189
148,183
177,110
101,176
33,98
165,169
172,142
116,191
3,140
95,88
187,171
31,160
157,87
140,132
54,130
196,85
119,11
176,78
26,38
139,134
31,129
106,147
192,137
115,87
80,133
117,144
80,70
12,135
39,188
166,71
95,111
1,133
140,40
29,105
174,77
175,185
132,21
111,122
60,41
58,48
88,122
190,21
114,120
71,110
147,165
160,47
43,140
187,191
177,150
99,143
51,20
49,63
155,25
122,199
10,43
182,77
190,145
87,80
129,22
181,14
180,6
177,92
197,25
15,102
190,172
65,52
198,8
95,178
15,75
78,121
170,99
37,36
160,175
43,139
45,100
155,52
113,142
112,176
109,79
183,113
176,176
178,6
170,75
89,71
5,15
57,9
65,135
35,194
103,73
147,197
72,63
197,76
75,105
71,182
140,174
154,193
140,138
86,112
102,172
22,70
22,42
109,94
155,59
17,141
3,107
116,100
28,62
93,41
85,77
14,173
91,145
94,73
95,28
43,70
87,173
191,121
91,172
174,152
57,123
43,122
1,174
96,3
169,118
19,190
57,32
173,180
142,138
35,70
17,177
43,108
164,185
122,93
41,187
72,154
108,168
94,155
170,48
18,62
61,104
22,106
72,198
11,192
105,186
141,86
143,117
48,138
80,111
15,144
52,102
121,137
163,183
119,59
105,118
18,56
164,186
181,33
14,54
199,121
25,119
179,132
33,74
60,105
58,171
131,190
95,77
54,9
101,66
22,38
156,156
36,193
81,192
4,134
62,197
190,23
136,93
113,99
177,21
20,93
158,45
7,65
180,122
94,11
71,38
22,130
15,162
39,128
5,193
63,30
1,5
143,121
173,177
104,176
77,80
101,44
160,44
49,43
5,75
43,147
67,190
110,108
96,46
148,159
58,169
193,7
187,193
176,96
135,171
147,168
130,181
28,37
71,36
79,60
78,49
53,196
61,120
23,170
112,179
98,70
29,154
133,59
99,75
148,96
57,34
199,29
13,151
65,111
137,21
88,9
88,150
165,105
136,5
190,166
147,162
136,189
164,62
153,54
196,121
113,15
159,50
12,45
73,39
188,44
114,23
92,158
123,42
96,102
13,18
168,129
24,79
126,90
55,113
93,120
26,15
6,162
172,87
106,78
99,151
172,172
53,53
67,106
80,9
34,152
118,55
63,109
95,167
129,128
97,172
142,133
11,30
147,155
139,100
131,15
82,52
176,66
85,143
76,144
124,139
88,143
105,134
18,60
193,198
5,167
192,173
162,66
97,72
119,8
34,56
142,54
63,152
82,146
63,59
25,76
111,186
120,170
2,56
96,112
74,119
49,81
170,122
154,86
95,101
163,5
155,148
196,131
70,95
159,73
118,137
195,48
45,119
14,0
156,70
75,185
118,194
151,166
171,137
186,39
180,135
35,36
108,83
119,182
195,153
23,165
37,85
24,124
187,89
3,30
168,39
35,130
136,51
53,35
78,99
48,83
76,179
79,54
4,82
30,184
173,172
12,3
32,70
86,159
19,81
162,38
179,108
144,163
79,178
11,7
130,177
54,176
13,183
93,15
97,144
162,86
43,136
55,189
177,101
117,118
142,50
178,115
195,15
155,156
135,164
113,25
19,175
119,73
177,145
120,17
129,187
133,100
54,95
125,133
12,157
105,153
61,107
143,198
110,137
95,50
174,177
146,4
176,116
99,185
37,9
126,145
35,63
133,122
145,195
151,113
45,147
148,62
162,27
157,199
172,128
48,185
81,74
84,58
158,182
11,153
58,185
173,45
59,91
29,119
46,38
77,0
198,35
61,176
116,189
126,26
189,156
192,180
0,55
69,172
79,97
90,54
196,66
22,109
135,19
9,11
167,157
156,185
137,190
116,35
197,19
135,103
87,172
105,12
125,161
17,57
110,196
120,95
103,198
131,116
189,37
81,69
15,76
82,60
65,17
26,67
12,183
75,92
20,134
79,133
63,119
118,148
1,1
98,163
37,88
181,197
117,96
68,181
166,181
5,148
107,88
57,153
151,135
58,184
39,44
84,198
120,183
39,159
58,59
132,149
180,24
183,49
53,11
2,162
54,40
142,109
169,69
55,42
148,40
29,82
116,24
113,133
5,189
92,142
170,104
89,137
89,73
192,77
67,124
76,75
63,152
155,94
164,162
97,47
51,122
18,15
31,16
194,186
175,18
82,61
156,141
109,93
117,17
37,47
34,119
82,69
174,118
8,176
37,172
14,195
189,135
27,114
44,114
57,165
193,31
101,192
24,171
107,24
193,136
124,52
195,9
58,125
118,94
79,189
47,27
27,121
143,175
177,113
159,80
150,179
24,178
135,46
16,173
196,104
90,92
65,99
63,54
199,75
16,69
194,53
158,54
28,33
143,57
13,13
70,97
53,59
99,0
53,58
98,176
0,23
160,42
102,177
130,180
2,55
93,187
125,118
100,112
46,102
139,2
58,154
179,85
80,67
143,154
25,98
146,82
124,108
4,108
54,26
80,37
62,34
50,118
158,149
42,105
186,174
30,155
157,170
11,33
109,2
157,154
54,147
76,1
8,95
76,168
186,24
116,17
193,62
79,47
77,99
199,172
56,38
2,84
42,75
34,175
21,18
36,18
34,30
111,85
169,150
130,195
100,48
100,189
9,188
196,142
4,40
46,135
102,30
118,104
153,133
74,11
81,184
38,133
152,35
98,15
36,150
196,148
81,100
8,41
147,100
147,37
23,179
191,120
137,196
186,131
178,124
102,81
96,27
75,78
134,56
193,99
158,149
41,103
100,158
60,13
138,49
89,56
53,3
75,40
33,87
77,138
79,131
83,137
11,94
13,48
97,178
186,123
76,164
144,170
147,181
179,73
49,1
111,121
86,6
101,119
176,45
87,62
6,119
46,102
97,78
80,143
150,55
167,14
12,174
129,157
64,3
18,91
61,24
11,170
138,118
52,171
29,135
182,161
24,138
65,83
73,6
35,172
62,177
38,31
61,14
100,52
125,62
15,49
78,178
186,139
85,115
7,31
126,54
107,48
122,119
96,16
178,30
166,184
83,85
102,49
66,47
196,156
74,113
83,171
50,185
53,111
143,94
188,67
128,37
184,193
5,104
67,81
122,54
84,72
148,166
30,128
174,118
26,90
41,119
17,179
173,184
197,146
54,125
103,193
124,72
121,9
179,145
163,55
138,174
4,3
40,22
197,95
92,67
16,46
77,129
116,73
66,15
50,114
135,185
112,146
151,134
52,116
0,127
5,61
171,20
152,0
81,90
167,35
173,104
179,199
72,179
92,64
178,160
35,100
35,189
29,108
94,179
134,43
27,152
7,38
48,57
107,0
178,138
153,189
69,156
28,154
68,9
173,157
36,97
33,24
118,41
53,193
38,14
53,126
197,28
106,9
144,44
26,51
49,172
143,53
104,136
0,199
144,193
138,77
172,33
193,52
16,90
134,76
137,55
70,127
10,103
94,34
32,169
143,97
106,30
19,57
99,192
148,32
43,101
95,85
167,136
191,75
85,8
129,73
193,109
173,28
105,78
122,80
88,0
168,79
139,61
58,86
61,26
3,143
50,60
29,111
197,82
34,74
11,174
121,47
114,36
3,130
188,160
118,89
155,180
141,55
111,87
93,89
152,50
70,153
175,20
127,35
164,58
74,133
192,176
172,4
85,178
1,121
44,180
66,83
39,144
178,161
83,168
5,63
63,171
5,176
4,105
53,100
183,131
69,172
21,169
185,104
177,76
194,13
156,46
64,53
32,74
3,60
88,95
63,120
64,23
131,26
139,12
157,118
174,12
161,113
149,183
16,47
95,154
9,90
1,78
103,158
155,149
180,31
127,105
88,38
74,85
22,29
150,101
145,127
44,1
33,148
127,123
69,148
8,171
72,83
40,40
170,196
98,0
0,15
130,113
10,153
175,106
157,32
33,15
147,87
63,64
107,190
25,10
119,98
81,178
94,58
154,29
85,124
47,23
69,171
6,164
61,36
148,6
121,143
166,137
100,189
167,122
140,92
172,192
101,14
188,64
141,90
75,15
26,137
109,168
193,187
11,55
120,51
162,19
182,187
97,4
158,187
90,6
169,95
82,196
55,127
15,182
0,97
198,128
190,191
89,60
167,45
77,111
66,75
7,104
124,58
151,180
40,92
126,131
195,6
98,41
62,115
139,132
13,151
88,186
156,86
6,82
140,28
141,18
3,165
175,88
70,137
47,163
84,124
94,145
156,40
12,44
152,190
165,83
94,35
23,98
193,26
134,93
69,49
51,63
84,197
90,161
15,5
103,181
47,110
55,63
152,143
53,31
74,133
8,41
137,25
40,174
158,131
47,72
38,104
114,62
55,18
145,154
192,97
87,116
34,103
122,76
127,196
9,145
5,122
59,148
172,155
28,4
40,75
126,59
60,140
156,158
114,130
52,44
155,141
20,120
160,149
19,113
34,47
94,98
0,38
153,129
70,192
65,159
28,21
104,30
86,87
116,185
79,72
115,178
95,14
196,99
63,180
191,117
150,192
113,94
66,132
64,182
118,183
69,191
34,135
67,164
149,91
89,159
169,187
117,32
113,132
112,137
12,152
43,160
107,10
98,99
122,74
18,4
33,134
141,22
199,12
51,68
11,129
94,145
192,77
151,145
5,186
62,125
15,120
69,94
158,86
199,155
101,67
28,86
129,126
163,15
26,124
78,113
147,122
82,195
122,164
178,154
136,89
182,139
134,15
122,168
193,2
171,67
42,126
176,32
193,176
107,190
157,171
41,61
186,163
24,123
0,189
64,65
37,112
131,122
25,182
100,157
170,115
72,70
33,188
177,30
185,95
50,137
150,192
4,144
99,51
116,93
100,157
51,169
74,176
67,188
197,71
95,22
197,154
9,53
143,60
12,11
14,112
46,15
175,23
142,142
57,151
77,4
104,134
41,103
114,11
122,193
141,156
154,85
11,111
7,106
2,164
63,143
167,124
192,148
18,189
179,70
104,63
171,30
49,37
75,193
28,185
26,74
137,197
121,192
173,30
63,112
90,111
4,125
122,171
81,41
142,32
112,173
68,72
138,105
186,28
124,68
160,160
22,38
81,198
150,60
2,145
124,123
171,158
158,38
100,72
15,89
86,151
137,94
138,89
28,31
75,21
190,41
139,68
152,70
178,91
179,153
180,41
142,169
39,77
90,106
50,136
191,116
161,15
72,80
78,7
35,190
85,143
175,86
168,11
190,51
48,43
72,162
82,133
34,67
32,33
60,74
19,139
199,171
178,186
133,44
17,138
55,104
113,124
42,118
48,61
85,76
180,198
136,142
43,100
142,111
96,40
6,63
142,75
99,1
125,146
178,100
82,139
35,98
143,145
79,182
43,37
118,54
111,140
187,22
71,174
65,136
177,111
37,183
176,2
80,195
111,114
71,153
100,46
113,5
188,176
190,151
11,21
11,177
76,4
30,17
159,156
123,138
180,149
25,185
180,30
194,116
93,141
162,98
41,102
35,193
46,39
82,113
181,61
5,8
0,77
123,62
95,45
117,140
87,34
41,90
60,110
181,139
142,161
88,117
64,44
137,151
154,41
82,36
6,118
27,194
199,197
107,181
199,152
73,69
155,191
194,74
53,136
92,39
147,38
45,31
106,57
13,156
103,95
79,13
193,187
125,76
64,82
11,31
8,156
64,139
8,99
32,75
40,79
114,144
112,144
18,142
7,106
94,192
198,166
109,158
55,175
183,21
0,59
199,116
139,143
128,178
32,41
12,21
105,13
125,20
179,113
41,179
44,96
100,24
67,91
117,147
72,40
67,78
34,136
49,28
134,96
84,52
71,15
153,10
83,59
128,110
143,57
174,70
143,145
3,66
176,113
66,102
176,51
50,124
116,111
90,122
150,4
102,47
149,178
58,20
101,25
20,150
193,19
144,79
35,79
68,102
93,156
85,112
41,88
153,149
136,56
38,176
32,9
3,20
141,9
44,113
136,99
66,101
144,174
53,192
44,47
192,106
54,126
136,87
14,112
26,25
104,76
148,190
46,153
128,74
135,94
153,18
137,114
11,151
39,41
190,13
190,102
176,21
52,176
11,119
174,155
167,16
29,148
176,51
163,12
132,49
102,148
127,12
43,70
88,7
124,36
4,163
161,144
107,7
58,110
79,17
179,129
14,64
67,150
36,117
2,56
148,164
125,101
199,68
59,198
42,25
13,57
118,128
22,91
28,79
123,141
151,185
56,193
119,150
30,194
38,181
40,47
60,83
70,30
70,150
71,85
112,195
197,132
119,111
109,98
88,23
135,124
82,41
147,5
74,4
6,160
60,27
17,55
14,72
77,26
113,73
146,186
180,127
65,43
62,92
47,38
5,116
36,172
73,172
135,134
155,87
190,121
109,23
43,185
19,104
80,198
31,135
77,186
26,16
189,167
194,12
136,155
123,33
156,199
18,90
193,130
195,101
77,116
166,111
49,86
1,198
48,0
111,26
198,152
21,49
147,180
104,18
177,125
130,52
152,86
17,59
147,125
81,31
170,73
113,44
136,11
78,7
190,167
55,89
94,170
2,179
32,181
46,21
130,154
164,23
85,80
90,189
131,157
191,164
95,106
151,188
157,130
92,142
18,96
33,177
115,57
113,132
185,11
141,171
111,32
65,164
159,170
195,10
126,10
14,179
91,186
15,54
180,48
50,170
15,148
112,68
80,69
0,27
43,118
100,119
164,38
73,104
56,188
160,173
19,93
73,173
106,158
8,149
21,162
29,7
66,163
149,5
75,8
70,111
42,186
69,127
64,40
134,167
54,75
83,130
57,162
73,6
27,97
111,184
146,25
163,184
63,184
166,172
42,110
100,178
39,30
55,192
33,106
97,39
176,28
64,180
188,29
163,185
125,185
149,114
194,22
198,91
147,29
22,27
23,148
65,75
170,199
148,121
71,181
179,28
165,25
133,115
104,53
81,45
11,91
199,44
67,85
159,120
185,6
163,76
83,169
84,155
114,43
8,170
88,132
160,107
128,172
92,114
115,196
35,84
95,195
96,122
181,196
97,79
176,0
191,74
57,129
167,158
57,106
22,103
18,103
89,195
190,68
131,66
194,160
42,23
73,4
79,19
28,56
14,182
140,134
23,167
142,127
173,84
78,91
172,160
27,63
84,101
119,84
6,65
63,150
149,142
166,79
127,137
80,49
57,20
84,166
55,121
18,60
16,124
76,49
197,8
198,63
28,190
6,65
183,185
41,152
105,28
193,64
102,149
130,199
11,21
119,54
42,45
72,51
155,56
49,99
105,121
8,136
32,168
151,173
123,67
20,105
44,39
108,157
42,40
53,119
44,33
3,67
184,170
159,5
69,52
66,102
73,11
58,3
131,173
14,2
86,94
70,160
94,10
148,119
153,174
26,9
186,28
92,182
16,129
140,73
158,173
70,156
184,105
45,22
31,140
27,151
23,130
99,164
39,192
188,174
113,115
88,194
119,141
116,35
158,130
104,49
193,173
185,97
64,187
104,108
28,137
136,186
63,83
103,89
90,171
8,14
110,93
157,72
176,2
60,45
90,49
9,178
15,101
56,101
67,67
73,96
77,174
12,164
9,78
19,89
128,133
47,9
59,182
108,34
1,75
93,103
175,50
162,135
99,18
134,156
22,49
175,48
157,141
25,188
49,145
113,29
59,86
1,170
143,156
89,48
182,18
102,38
120,1
160,74
13,80
60,182
74,28
122,82
169,9
156,32
154,105
10,63
9,96
49,128
20,121
100,128
104,156
45,11
8,91
198,140
34,88
23,108
47,8
77,142
194,147
164,53
72,30
30,95
96,164
114,176
149,83
115,38
79,50
103,56
7,131
171,68
145,10
159,28
48,17
81,168
151,185
137,65
94,1
8,3
123,150
0,31
20,182
5,62
158,32
127,199
119,194
98,110
161,196
12,122
1,197
51,45
15,177
138,159
123,170
38,37
86,7
122,43
23,3
189,118
24,89
143,103
46,192
46,82
104,51
25,170
32,97
18,168
82,113
195,71
21,96
104,173
30,147
70,28
125,91
139,176
135,182
122,144
135,78
127,132
165,178
60,108
17,82
94,4
149,19
195,164
33,101
140,140
152,156
109,122
18,169
10,49
92,147
133,74
154,173
29,53
86,104
156,172
127,56
118,38
132,179
175,196
107,112
23,116
178,133
31,2
163,195
14,158
39,100
176,44
138,169
92,133
181,26
63,106
5,62
167,17
142,53
17,128
159,77
95,35
131,6
103,32
126,41
181,86
55,21
169,108
194,28
133,70
115,140
167,187
77,57
141,20
15,111
16,12
171,24
91,171
0,73
135,109
22,55
72,53
195,133
188,74
80,133
18,88
199,11
162,70
171,91
127,127
76,102
184,183
13,16
84,195
38,61
61,18
148,47
43,173
44,194
199,198
143,164
90,52
95,93
0,190
19,182
198,178
2,159
98,93
100,118
0,174
154,36
161,196
63,85
4,108
52,170
184,57
127,35
191,9
97,85
142,128
163,142
133,167
84,49
142,7
35,107
12,162
37,185
86,63
40,36
100,182
145,31
174,92
166,149
55,57
110,52
149,136
136,152
137,192
94,161
68,106
55,69
38,71
15,44
147,159
185,19
60,110
138,101
56,66
63,60
21,104
48,97
193,8
34,105
157,83
88,88
135,36
171,16
18,159
182,93
145,126
113,35
144,93
182,189
194,171
88,101
143,86
24,89
22,193
93,122
58,151
187,14
191,83
114,1
45,92
20,132
110,45
121,172
195,16
110,171
116,65
43,27
125,39
19,41
70,5
94,184
133,193
176,40
95,154
49,178
134,30
161,151
35,162
41,160
102,157
3,105
131,47
154,195
170,31
186,78
27,122
54,0
145,1
173,171
83,116
3,155
120,146
133,27
117,89
114,154
13,61
127,38
77,122
82,114
160,126
7,198
68,30
135,66
52,44
79,82
59,16
43,72
105,167
16,162
109,128
47,194
32,86
148,11
63,83
37,121
156,119
134,154
158,46
145,35
141,99
84,136
142,51
145,178
0,81
14,135
104,34
40,82
145,145
137,108
159,163
50,155
182,37
4,115
135,199
0,25
90,49
188,148
154,194
185,121
10,174
148,95
110,59
133,112
62,14
154,80
42,103
161,167
96,190
135,155
37,55
193,0
163,179
124,60
181,48
77,51
184,27
160,176
97,22
91,66
94,171
14,131
169,49
185,108
4,148
90,77
137,127
60,18
8,82
7,102
97,154
188,32
8,127
184,184
154,44
9,195
191,110
39,199
194,174
57,141
16,171
43,52
148,196
5,48
130,124
164,104
35,45
93,11
189,190
100,112
161,101
21,102
182,110
54,136
187,102
78,92
2,52
113,92
25,45
42,66
52,124
103,13
133,198
52,146
158,161
125,57
143,126
84,151
92,30
109,35
0,120
124,59
35,172
138,192
85,142
95,184
73,82
189,60
108,0
107,133
60,86
13,153
117,52
182,186
188,176
15,47
195,10
163,31
180,9
28,100
138,153
189,148
5,148
178,20
133,115
159,25
4,33
178,152
53,87
121,157
127,182
83,175
192,123
184,165
182,198
193,185
92,124
132,36
184,72
4,72
190,7
34,154
149,39
7,7
49,178
181,137
25,181
115,135
8,120
34,98
75,107
114,33
2,116
8,82
181,43
138,42
44,106
163,99
183,116
197,118
128,20
17,157
128,156
76,130
31,189
191,80
174,72
144,65
139,128
161,188
148,19
66,44
165,173
72,56
150,58
30,135
11,143
168,186
125,24
136,167
94,169
13,75
129,92
193,114
162,80
143,35
80,146
66,129
181,46
98,175
167,45
123,186
113,6
30,146
67,63
76,110
81,133
11,35
51,148
125,34
27,94
10,184
42,142
123,48
20,175
96,87
198,144
17,168
175,79
57,135
96,196
78,21
40,22
62,179
34,131
91,35
17,125
132,171
69,148
65,38
73,194
126,186
150,189
18,110
96,166
98,182
106,24
57,83
45,52
38,123
159,85
45,135
138,132
60,76
48,69
27,34
46,148
55,43
194,43
109,120
179,164
119,75
160,34
121,135
37,119
183,109
131,173
182,183
6,88
109,23
7,37
75,157
108,70
51,147
100,105
11,31
111,65
184,2
116,196
168,130
98,199
80,127
198,114
38,53
12,97
84,106
92,116
138,172
92,37
125,97
189,127
199,85
109,83
90,147
130,161
95,98
176,62
69,52
103,85
163,13
126,131
199,136
199,122
189,109
126,117
182,4
184,21
172,126
117,108
11,130
19,85
139,141
115,199
16,106
147,23
158,86
75,74
127,176
22,195
111,176
58,76
80,164
178,39
23,152
95,108
92,188
179,91
91,92
137,18
153,98
118,144
45,55
195,147
10,66
178,69
184,145
55,172
85,27
77,67
43,53
82,99
104,115
146,59
199,60
44,103
155,116
9,161
67,123
72,53
167,137
152,171
108,69
179,7
26,57
146,175
109,119
17,37
35,187
134,141
37,145
6,30
62,175
53,189
140,20
172,9
97,88
185,180
151,36
92,102
99,19
190,121
130,70
93,178
35,46
143,103
191,26
166,92
165,140
60,197
17,25
19,51
75,38
71,195
186,0
91,33
138,39
14,30
36,36
98,2
3,45
9,38
12,118
54,128
126,35
122,70
181,163
193,127
96,168
76,126
74,184
101,161
106,69
53,137
175,48
42,57
66,79
50,144
11,142
184,126
61,84
189,131
123,34
140,119
0,170
152,121
39,124
91,142
94,84
151,193
86,129
152,37
75,82
158,146
161,5
135,157
119,128
105,107
156,149
24,97
136,40
15,137
22,41
187,197
40,51
135,61
103,84
68,82
191,119
37,73
122,25
79,169
8,150
67,8
189,129
62,175
60,68
100,147
3,102
154,96
107,33
50,118
84,91
189,136
189,199
193,191
55,27
52,167
127,49
5,6
168,91
147,169
6,184
48,81
62,111
121,64
152,127
193,32
98,196
76,85
84,93
8,70
36,138
48,8
24,80
17,186
101,54
18,185
65,117
71,139
74,60
74,158
26,21
154,2
76,143
88,144
89,15
151,176
76,126
192,70
127,56
188,183
66,182
181,114
70,91
176,183
27,34
61,161
140,199
123,61
28,72
92,178
96,188
82,149
18,133
114,55
192,95
84,156
128,140
16,176
61,111
155,157
82,54
24,30
86,135
51,177
67,56
78,136
147,43
169,97
182,121
51,116
158,65
50,9
150,32
85,183
170,129
96,162
42,34
26,151
149,199
69,9
184,50
189,47
141,149
91,158
108,21
89,131
157,139
38,74
76,182
20,150
142,129
40,198
90,45
185,64
173,21
30,44
178,152
15,122
193,103
25,92
38,166
9,174
158,177
136,7
80,96
133,69
46,135
144,72
37,3
99,4
16,9
144,186
3,125
198,80
186,198
29,17
133,23
84,88
196,9
74,131
180,38
9,35
46,119
94,176
15,66
23,87
52,186
18,5
164,125
53,110
15,175
49,22
199,179
187,73
135,139
159,20
30,69
186,104
123,168
39,72
110,9
9,151
156,165
125,107
9,59
114,62
152,20
193,126
115,177
57,75
74,44
162,23
101,114
169,194
10,198
40,90
153,109
11,14
8,41
146,18
49,14
168,0
186,59
146,130
75,127
29,82
16,14
85,91
162,32
144,109
190,5
76,119
71,120
159,1
39,26
80,93
28,112
72,134
46,169
95,72
157,170
184,104
133,119
98,151
74,76
24,90
42,70
1,67
11,111
31,198
139,10
78,197
190,56
90,119
156,194
78,191
156,192
90,64
23,132
151,87
68,23
122,51
188,47
116,178
113,128
182,165
64,144
126,151
156,54
160,1
65,161
20,53
8,26
70,78
116,109
47,77
65,164
20,72
149,67
101,36
183,138
65,134
169,130
178,158
188,94
186,71
157,113
132,129
75,78
74,133
193,81
46,186
120,47
14,23
181,182
36,134
67,128
81,161
194,102
62,159
35,154
181,98
36,97
70,1
162,190
80,126
92,45
107,48
199,111
61,65
55,149
15,96
127,148
71,36
46,172
86,146
58,7
65,152
105,89
77,7
53,104
85,45
70,168
89,164
68,138
151,32
86,55
65,153
67,105
73,24
82,53
89,29
110,108
114,167
14,122
70,23
91,193
4,41
156,32
30,66
124,62
128,27
53,29
191,18
99,135
13,31
68,83
167,11
101,11
122,177
109,60
74,150
2,86
142,111
74,81
198,168
87,164
108,74
25,113
179,20
27,126
117,172
27,149
9,131
137,37
141,62
1,35
41,50
104,42
161,198
50,148
28,62
84,85
173,161
77,145
116,6
50,137
170,45
131,3
131,184
14,45
181,128
104,83
18,80
88,143
137,113
65,197
127,126
195,6
19,114
8,13
73,72
169,86
122,37
158,82
105,45
0,156
155,181
186,71
5,155
93,49
166,62
4,106
131,111
49,189
83,181
45,166
5,186
162,172
87,0
143,199
192,3
147,138
96,94
195,11
27,162
68,130
122,180
166,177
127,133
10,86
177,78
27,173
78,47
16,195
9,87
60,198
168,48
123,58
161,173
95,126
33,109
41,57
61,148
121,153
49,134
22,109
60,162
133,175
176,167
86,129
143,11
183,128
139,31
191,139
120,103
28,112
17,110
14,118
199,195
57,190
159,50
177,84
176,38
83,97
65,56
144,177
17,189
46,123
21,96
125,84
80,49
152,137
51,193
165,143
53,29
183,117
119,139
130,116
8,176
185,155
113,111
158,59
102,103
70,124
47,126
100,187
170,32
130,107
119,14
104,69
141,129
164,168
34,49
149,23
136,131
33,131
9,7
152,90
52,42
52,173
139,111
166,80
95,184
156,158
161,122
46,40
183,127
115,43
177,55
77,122
15,65
140,75
39,127
119,139
61,86
148,84
35,56
64,53
159,166
2,34
40,118
37,162
113,161
181,176
87,17
157,115
26,187
173,136
91,139
14,181
131,62
195,40
0,153
28,46
165,47
80,171
57,188
120,102
48,34
38,97
52,66
189,110
158,26
27,108
137,99
64,196
13,61
23,146
118,72
143,175
76,4
76,153
138,136
96,84
26,148
20,193
4,78
88,53
199,168
30,109
143,13
16,76
23,83
37,149
8,71
159,47
3,20
7,179
70,35
36,17
193,105
133,122
179,49
80,175
48,21
181,44
172,127
175,188
104,55
110,53
42,35
157,151
166,11
133,45
96,51
135,24
77,95
140,164
11,96
143,157
111,139
132,101
178,45
150,197
170,120
81,83
147,195
110,199
31,34
167,68
109,9
123,65
103,93
135,100
14,155
5,3
86,144
135,108
170,81
129,7
55,156
184,142
149,27
34,8
53,28
186,53
173,154
68,194
29,190
50,33
152,4
90,136
122,92
59,64
82,136
176,118
5,120
56,125
112,15
10,48
172,58
190,128
75,147
45,134
182,22
120,98
68,143
112,85
150,138
128,194
16,177
12,74
174,45
155,11
127,172
67,39
165,45
177,133
184,145
32,158
100,194
124,192
142,40
66,77
91,114
65,142
178,129
42,52
116,165
106,147
30,25
147,191
85,3
150,94
161,14
60,198
42,12
130,130
17,37
74,100
124,187
173,117
154,7
157,166
148,88
6,19
29,33
6,130
114,162
148,25
124,67
14,102
176,106
92,63
90,59
192,145
197,29
160,120
147,167
167,44
78,55
2,199
6,176
48,28
107,160
36,32
85,174
46,76
142,64
2,171
88,80
9,106
171,49
149,58
58,1
121,138
75,65
141,66
50,139
176,37
92,187
34,67
193,197
71,75
8,94
35,13
11,57
33,71
117,57
86,139
94,128
81,110
178,2
35,12
87,166
143,68
120,181
67,96
131,85
189,84
10,176
178,102
3,44
0,137
75,33
8,139
142,196
46,41
123,15
45,81
128,4
137,142
118,146
149,136
123,64
122,7
82,50
55,54
130,49
50,82
88,64
49,19
79,170
118,130
91,105
159,53
17,60
85,62
173,83
198,116
108,99
39,63
79,80
37,27
44,56
154,131
186,42
19,61
161,78
6,95
101,38
133,104
95,121
80,36
10,2
152,164
8,20
143,31
3,148
106,162
94,98
52,117
182,4
102,182
128,61
138,166
119,72
91,145
1,156
159,152
67,136
199,153
98,67
67,156
56,27
71,124
159,138
147,188
160,195
36,12
164,107
189,108
127,74
191,109
72,91
182,27
36,102
126,87
8,40
145,35
38,48
29,54
93,33
166,68
14,77
142,119
197,86
182,184
111,190
75,106
95,160
39,78
96,101
132,159
32,116
177,113
110,182
142,106
87,185
49,29
199,34
77,179
118,198
93,178
120,172
83,88
190,62
198,0
30,118
92,100
148,85
144,3
43,22
2,76
43,153
99,83
100,60
16,111
85,125
180,86
37,128
1,59
82,145
154,45
58,40
142,79
92,94
87,142
91,82
163,53
66,67
11,143
56,114
185,113
133,107
185,155
196,198
44,33
144,57
14,123
31,17
154,148
60,87
118,126
66,70
101,54
50,99
57,2
90,140
195,73
119,154
70,171
6,166
77,90
64,190
50,97
152,107
21,80
70,72
150,58
7,132
179,89
52,104
3,24
131,153
104,176
182,106
135,70
196,114
18,9
133,120
105,14
173,10
173,17
47,86
40,121
122,35
113,19
127,190
87,150
106,96
186,23
54,197
53,8
166,47
68,16
31,47
134,84
166,109
159,19
183,130
73,142
88,198
172,136
77,113
16,4
65,57
147,121
117,82
89,119
151,6
34,14
174,80
3,170
177,180
95,51
167,91
192,193
52,60
164,117
108,102
79,93
19,17
165,154
157,130
93,109
6,11
32,157
166,126
10,18
175,188
59,157
52,53
78,66
72,170
3,183
182,135
17,45
170,49
40,24
21,5
28,187
177,98
48,92
155,47
69,168
172,73
198,79
111,40
192,88
58,65
135,176
160,15
44,73
189,196
4,174
143,60
27,76
88,186
144,67
197,116
29,170
97,66
79,63
175,72
134,86
171,12
93,141
73,156
25,112
29,125
197,90
181,154
188,28
126,45
178,4
130,139
41,63
112,21
170,153
57,24
176,11
67,42
42,62
161,197
85,123
159,33
68,180
181,5
25,63
164,42
1,28
182,5
43,82
162,49
63,186
128,155
5,36
55,66
26,104
27,77
85,121
43,197
143,116
101,49
131,183
75,166
70,47
41,43
53,149
183,148
63,20
186,92
109,188
42,31
87,186
1,195
53,152
170,2
49,199
163,189
160,198
115,28
116,90
125,172
114,125
159,129
7,118
140,60
76,165
108,78
2,53
95,127
33,133
4,45
48,27
191,141
147,65
117,53
163,6
126,18
109,33
198,25
193,153
110,86
199,110
22,168
189,101
71,95
98,21
10,4
60,34
53,160
167,169
78,116
25,189
89,149
106,171
17,22
100,129
113,123
189,8
106,149
85,117
160,26
155,74
123,144
23,111
56,99
180,168
189,82
47,18
160,7
192,145
49,63
88,188
171,74
112,87
96,171
183,11
120,0
8,193
10,20
39,134
71,160
4,59
47,4
167,110
78,177
26,102
96,113
112,11
21,177
151,18
142,169
198,119
93,5
123,34
49,10
84,131
54,61
42,55
184,74
162,106
102,184
187,139
160,127
11,151
188,57
40,51
15,73
26,131
106,1
104,178
147,29
13,66
54,150
153,186
166,156
63,33
19,46
28,3
45,177
51,125
133,136
28,145
14,52
30,144
118,87
49,74
123,115
5,164
81,12
94,138
11,159
91,62
135,50
86,191
82,23
70,154
112,45
165,83
156,48
123,111
33,148
131,86
181,134
62,65
130,140
171,171
29,62
158,48
42,54
74,27
120,46
181,75
40,46
89,36
123,170
158,119
173,179
137,80
24,45
191,123
80,114
151,29
193,13
103,80
64,29
15,41
165,87
55,181
48,103
35,54
32,34
121,152
105,19
194,188
65,75
85,187
89,145
184,137
22,26
187,159
50,51
62,130
76,5
199,68
189,164
142,34
50,41
160,107
41,158
120,35
86,51
121,16
120,196
112,176
8,176
105,155
82,98
181,46
192,128
191,149
165,107
186,23
129,51
196,148
145,166
41,116
13,187
145,171
110,185
120,61
109,171
117,28
31,142
71,27
17,45
5,110
191,170
187,167
36,199
195,188
132,151
197,121
69,135
143,25
82,189
15,95
31,90
187,26
61,195
41,81
189,126
91,196
196,68
176,15
6,128
80,94
125,35
111,173
33,126
127,10
48,193
95,141
163,156
170,0
52,167
52,160
76,85
196,35
94,85
124,51
117,114
53,91
198,125
164,130
4,95
105,122
116,47
104,129
24,4
39,47
163,167
7,155
30,158
146,34
88,106
63,65
138,121
71,48
21,159
196,13
47,83
130,39
13,49
142,90
116,138
60,22
13,52
92,22
154,98
137,154
53,165
111,65
31,116
177,85
90,61
53,126
98,136
71,189
102,30
45,101
183,95
163,88
64,164
173,43
54,61
137,113
15,79
154,183
82,44
60,194
130,90
125,124
34,57
191,3
77,189
179,184
109,84
114,64
139,88
17,107
41,142
118,175
133,137
57,149
80,2
131,143
199,16
27,39
193,110
34,182
143,133
126,195
77,31
160,61
119,85
173,158
154,128
113,166
83,51
28,14
18,101
48,70
74,98
123,164
170,22
198,73
28,7
82,195
146,148
188,92
45,80
179,107
79,98
158,140
180,191
129,110
20,186
194,167
155,162
143,117
79,38
69,192
147,179
49,127
196,14
125,83
196,73
42,61
128,46
139,157
144,118
131,113
90,99
126,158
52,198
195,130
23,190
196,118
142,47
69,85
73,16
149,170
5,153
197,105
45,146
52,176
180,57
177,62
21,125
12,107
33,40
55,71
82,184
177,154
91,61
123,118
66,28
126,51
141,171
117,175
38,140
99,116
72,162
189,13
158,24
23,1
188,74
167,97
42,126
136,1
29,59
132,188
132,174
145,9
121,60
2,135
87,174
75,161
3,111
68,147
102,132
142,148
43,153
34,128
150,85
27,141
82,184
191,80
84,114
51,73
61,100
9,89
53,83
70,106
186,76
99,112
183,70
163,157
163,178
21,26
87,94
60,178
180,135
80,128
192,133
100,51
184,65
90,75
191,172
37,185
54,27
33,185
178,15
34,79
10,107
98,60
54,17
87,150
101,13
57,165
154,67
137,8
31,113
179,56
144,61
123,117
162,166
17,6
149,7
69,86
79,13
19,185
12,127
169,115
112,163
161,10
74,4
169,142
0,54
44,86
16,149
41,52
180,170
147,98
115,10
78,120
116,152
57,9
35,34
122,158
37,66
71,157
111,128
150,197
72,142
43,95
99,62
178,61
56,92
6,62
68,117
167,123
44,188
163,149
7,66
34,28
125,98
85,84
143,57
37,159
68,97
133,125
103,189
177,130
21,10
77,192
104,31
78,114
59,75
129,53
26,193
130,72
122,139
69,105
1,35
124,69
87,57
54,76
192,66
72,157
173,22
99,39
164,169
157,23
90,30
153,137
9,147
117,15
188,83
117,28
63,180
108,163
22,54
65,96
129,136
53,175
126,169
115,188
133,195
82,119
17,30
21,135
114,115
69,134
2,144
126,133
8,5
25,12
128,131
2,117
73,99
171,46
80,31
105,68
91,140
74,118
37,149
38,41
66,97
49,0
67,102
55,40
66,117
174,56
145,150
98,153
192,102
15,151
162,131
12,21
199,110
44,34
39,94
169,84
79,130
153,190
149,74
191,169
181,112
129,140
127,80
138,87
161,25
162,159
26,108
157,38
139,94
188,0
154,96
74,133
16,113
66,199
8,37
194,54
156,34
106,0
124,23
90,147
9,21
95,73
69,196
71,111
38,26
81,187
158,1
139,96
127,14
185,32
155,115
33,113
25,188
80,69
184,131
97,72
101,48
183,103
110,131
172,66
160,75
166,138
192,156
153,66
73,168
33,157
159,92
54,87
127,77
170,134
160,137
64,52
167,68
167,91
110,98
10,86
28,52
119,51
111,54
191,102
135,76
174,45
16,103
65,72
104,198
81,48
41,194
49,65
57,22
139,28
26,2
151,27
140,72
5,150
150,135
150,100
49,66
11,156
60,7
180,180
15,137
182,95
83,119
29,107
3,106
151,10
82,114
72,24
64,168
49,91
199,144
39,174
88,139
118,33
192,67
41,70
115,65
140,95
53,153
78,192
143,140
153,82
139,4
187,103
136,116
160,99
69,33
196,108
30,51
196,18
198,188
119,123
1,150
197,38
120,28
194,180
126,23
193,61
1,191
130,106
3,41
98,64
35,136
14,97
8,110
134,108
109,108
69,131
29,14
139,66
185,88
173,34
15,155
101,105
53,175
188,132
10,195
135,30
39,126
64,126
144,14
147,55
173,28
55,163
197,107
155,127
58,97
179,123
42,87
47,179
56,104
145,48
82,75
154,121
62,68
176,31
33,101
76,22
33,24
190,142
198,68
126,62
53,7
174,77
157,56
73,5
83,126
169,123
74,86
7,77
155,24
30,52
64,160
177,182
58,178
99,133
71,5
62,162
92,181
97,146
139,88
81,176
155,42
22,21
15,183
125,117
147,106
93,87
150,16
159,17
134,189
98,37
194,48
186,138
9,81
131,167
113,133
140,116
58,164
159,180
119,133
10,45
11,164
195,48
153,178
139,36
25,0
176,152
123,188
48,11
24,163
172,86
20,51
171,199
70,99
152,8
175,122
106,157
69,169
78,197
99,139
189,196
28,107
81,93
163,53
179,52
146,67
138,97
72,193
126,110
178,23
175,139
91,198
182,190
55,19
138,79
58,98
84,135
156,168
23,99
23,147
58,3
56,133
126,135
146,40
123,136
107,85
118,62
191,109
38,180
139,186
80,194
95,159
57,132
32,42
126,60
119,1
187,40
15,196
193,103
14,112
80,195
196,22
186,141
6,55
36,74
53,81
42,46
73,23
77,116
61,14
164,12
131,153
192,47
7,73
112,48
92,164
50,191
145,132
167,22
31,160
131,5
132,126
184,147
33,62
30,73
34,128
74,31
123,162
193,29
162,197
167,138
41,24
141,86
131,122
130,7
134,98
94,109
106,96
91,107
90,95
137,28
143,144
90,84
192,161
29,32
175,141
73,111
118,30
98,126
188,191
76,41
24,126
141,23
180,2
190,73
89,178
168,157
5,126
83,149
42,196
57,185
76,86
19,123
44,1
155,176
159,107
55,183
32,48
108,151
164,1
58,43
189,84
38,126
124,195
123,3
102,119
118,96
98,135
78,68
47,58
54,44
73,67
136,175
115,49
33,116
53,71
115,154
5,178
86,169
52,145
179,41
16,20
3,87
145,36
129,110
79,113
44,24
137,4
50,174
20,48
84,82
57,60
69,199
108,168
151,109
160,121
31,60
63,151
160,2
181,161
178,81
33,145
110,100
24,88
37,68
28,65
76,1
123,77
4,130
14,173
123,97
85,102
160,90
182,162
127,113
157,128
118,114
81,177
44,91
120,182
140,144
132,190
74,14
152,186
183,181
94,54
90,186
103,182
43,96
111,131
175,89
167,100
191,130
22,147
170,62
83,108
133,47
149,89
47,62
88,114
99,69
12,29
69,75
46,55
182,95
192,15
136,131
197,39
56,26
29,86
70,59
3,39
65,39
152,48
156,140
135,3
88,141
181,143
108,152
73,116
72,77
165,165
137,70
168,123
171,157
83,9
40,24
6,28
0,171
190,51
6,119
28,71
26,48
162,132
92,102
183,43
169,172
39,183
171,130
76,10
123,83
80,175
68,122
120,136
193,123
182,5
59,110
134,51
30,174
112,40
14,74
36,1
141,79
184,160
98,106
100,87
111,3
53,6
75,169
143,48
28,182
7,15
114,11
32,28
56,16
193,19
16,28
107,52
107,142
24,39
7,156
3,46
90,165
164,188
160,137
47,49
136,166
11,45
114,22
24,117
140,53
130,133
173,156
188,184
199,44
79,29
131,195
49,188
59,24
54,180
119,162
125,111
22,139
24,14
26,15
75,140
55,155
5,28
130,39
29,66
49,196
178,108
30,130
182,130
111,44
187,68
35,181
113,185
126,179
193,16
37,171
86,165
44,29
143,1
191,164
190,165
101,114
152,128
80,181
113,83
113,199
133,38
77,193
9,193
172,96
76,89
176,175
136,167
161,80
163,66
140,102
63,108
196,163
87,59
23,143
170,22
68,30
29,68
152,27
41,133
188,2
71,33
108,83
48,31
40,186
35,21
179,177
199,60
195,130
31,79
30,97
102,136
168,143
127,15
78,86
130,108
193,106
69,98
90,159
104,187
17,65
101,179
174,65
133,118
0,4
144,3
122,198
27,85
78,155
32,20
40,144
30,153
52,19
184,59
50,128
24,63
56,65
143,95
65,113
149,121
26,148
179,155
80,66
84,80
3,137
189,102
135,132
95,111
126,35
142,37
38,52
104,167
193,129
169,174
73,190
194,190
131,46
146,194
145,23
78,152
150,66
149,2
152,127
23,163
11,49
195,145
183,173
175,97
55,199
105,63
111,128
76,129
94,117
78,148
175,141
198,116
149,13
20,61
132,45
106,194
141,165
23,47
88,63
47,18
162,198
127,128
114,9
120,120
118,91
76,121
6,7
61,102
158,180
155,199
74,198
136,140
45,91
165,20
121,24
161,165
119,74
159,132
107,48
107,129
181,67
146,116
14,146
70,49
72,124
124,179
111,78
90,166
10,153
165,191
10,58
181,65
16,112
199,123
111,31
95,67
122,153
37,172
93,80
68,191
147,97
69,136
181,120
2,192
131,128
167,5
184,43
25,100
56,42
3,181
167,177
173,194
132,68
111,26
52,138
69,152
191,189
28,164
108,187
176,71
183,33
109,186
130,92
92,102
155,52
32,33
79,88
82,83
57,149
20,119
97,140
98,116
171,187
187,25
95,186
39,45
106,194
71,2
84,167
43,158
153,153
107,22
51,121
156,100
65,163
184,152
17,154
154,103
42,144
53,196
25,43
62,29
60,25
3,90
187,41
105,114
186,125
26,13
175,118
157,108
144,125
83,107
2,124
157,147
135,88
172,98
79,128
60,59
165,128
72,19
41,182
65,35
48,45
55,70
65,183
51,41
180,98
172,50
59,152
170,126
158,139
153,93
88,166
153,102
143,45
33,137
127,101
13,98
122,107
62,184
5,43
66,27
23,50
159,16
101,17
96,137
130,148
154,191
43,157
80,176
32,154
120,13
33,88
175,21
36,161
3,127
59,165
102,26
63,133
87,92
103,39
89,129
190,120
35,195
135,199
160,192
17,111
15,78
185,42
106,122
61,28
160,195
180,144
59,43
120,187
183,119
105,176
188,74
72,95
11,179
117,156
42,176
180,121
150,32
44,94
79,50
168,34
80,56
69,48
182,162
172,60
40,183
18,163
127,46
174,161
25,42
170,53
151,136
197,174
128,104
78,184
144,48
8,144
116,81
76,141
137,103
142,51
25,91
86,136
13,174
64,130
15,20
150,150
184,191
50,191
177,57
14,19
150,65
63,112
189,3
64,39
36,98
30,55
90,1
18,131
97,33
90,89
87,102
23,153
69,127
91,47
64,13
49,81
82,118
175,6
149,61
48,46
197,56
79,4
151,178
166,157
69,10
81,147
194,12
173,198
36,6
14,74
64,91
23,179
7,80
82,21
95,178
130,37
22,62
24,83
192,62
37,106
45,86
48,60
180,176
70,154
139,122
25,8
105,168
196,102
155,143
81,115
104,22
118,148
120,31
106,23
103,150
108,188
15,90
108,110
199,145
108,4
92,13
133,114
140,64
99,78
108,1
54,92
47,99
167,140
40,86
192,58
194,176
119,148
168,72
171,138
145,162
27,118
0,54
7,197
4,188
64,50
155,165
173,193
63,99
175,126
130,87
33,178
140,104
104,181
21,59
137,124
69,107
105,122
51,169
118,3
58,77
93,128
188,38
152,121
70,61
189,87
109,49
27,115
61,111
173,107
144,71
35,24
170,67
181,74
117,197
34,93
137,81
82,75
58,144
10,104
110,60
113,92
177,91
1,58
196,0
190,81
95,168
128,190
170,5
12,7
61,18
162,163
172,14
77,174
124,138
8,53
60,174
65,80
51,172
142,191
35,40
161,25
65,188
167,6
133,190
197,105
86,176
12,126
166,69
134,87
59,134
176,59
88,178
14,55
22,85
128,9
1,92
97,66
151,18
193,111
28,134
73,53
4,144
181,73
104,10
168,2
131,45
68,152
175,162
163,183
165,199
149,82
73,16
12,188
153,182
106,108
75,12
38,2
182,193
5,182
30,73
194,140
131,108
154,100
57,119
165,29
96,29
82,3
90,162
51,20
11,115
76,197
39,144
44,120
1,170
51,62
10,45
168,35
99,31
73,14
46,192
104,119
188,81
178,57
111,94
107,141
4,112
125,164
123,174
124,169
96,115
29,139
109,18
94,157
109,91
194,146
117,63
171,16
130,15
75,12
41,151
126,76
129,126
51,186
191,92
58,64
27,8
51,54
135,95
111,169
1,67
198,169
50,53
88,148
147,38
95,182
12,137
15,100
102,133
129,168
28,190
103,76
150,131
135,64
98,56
23,180
187,97
123,49
187,116
160,34
108,152
54,192
100,141
170,76
197,109
117,151
106,88
39,59
33,16
143,99
117,73
180,78
66,118
91,54
172,113
135,128
129,89
103,160
123,16
149,23
154,174
157,6
177,5
167,27
149,62
76,16
58,74
86,71
32,29
54,123
196,84
142,29
194,3
159,182
82,10
155,42
62,90
146,7
42,80
170,53
58,133
52,114
2,7
10,145
180,13
3,121
17,125
38,178
156,43
192,178
60,149
135,54
119,7
14,60
62,179
45,36
52,153
7,150
49,45
174,41
108,156
139,195
188,146
110,136
133,114
21,60
134,81
152,198
181,32
97,78
162,100
70,103
75,167
54,36
144,136
121,124
71,188
138,85
183,186
171,185
137,123
115,155
141,95
4,105
134,117
178,165
131,86
67,87
114,16
103,124
137,178
55,102
53,67
184,97
169,175
164,100
28,161
76,168
173,6
45,102
21,32
199,148
135,37
48,81
141,145
57,102
125,131
155,133
182,165
7,199
93,87
108,170
15,61
192,187
59,132
72,41
176,87
50,162
84,5
190,17
116,160
128,79
169,182
17,9
190,121
95,4
79,44
142,1
7,127
138,4
5,52
47,63
64,163
26,86
73,21
25,105
172,139
187,188
49,145
163,127
195,76
122,84
193,113
156,103
145,36
190,68
70,19
154,50
142,145
61,150
67,38
173,36
71,154
108,126
177,39
25,110
158,170
3,148
42,111
87,11
154,85
43,65
30,32
131,25
73,47
109,85
194,50
104,134
6,160
86,42
20,151
141,0
52,141
138,11
197,162
26,171
16,117
176,151
168,150
181,10
108,44
126,7
50,114
3,107
47,92
193,71
75,34
179,108
136,31
104,96
91,27
38,47
101,145
123,101
18,63
65,188
161,62
69,112
2,29
138,34
12,107
125,131
140,30
88,192
101,58
65,4
88,41
61,168
193,150
120,4
43,4
67,86
133,39
59,134
43,57
134,34
112,178
38,131
7,196
44,16
152,63
25,159
24,62
122,138
56,60
136,75
129,128
182,9
165,47
119,144
108,1
131,131
153,174
196,6
179,100
37,75
174,3
195,60
152,160
153,24
66,96
120,44
14,37
142,127
13,137
69,160
72,74
40,56
21,43
11,16
5,103
89,111
86,187
5,120
165,171
44,102
162,56
191,44
20,127
9,124
91,161
168,145
91,161
172,56
34,6
101,21
192,125
198,50
179,78
188,158
48,90
136,31
172,82
95,69
15,17
23,181
18,7
14,109
181,113
86,49
74,198
65,25
82,83
74,12
55,40
192,67
46,0
95,99
120,116
30,122
116,189
186,113
189,182
115,181
112,160
190,7
156,17
103,38
188,164
0,64
125,81
188,20
55,169
74,147
70,191
186,20
165,73
103,140
76,48
54,117
116,106
64,82
169,183
165,129
104,84
47,94
40,65
194,158
155,39
102,63
28,109
80,177
64,184
106,94
167,127
65,122
112,91
78,104
116,178
66,74
53,147
129,29
34,63
90,74
48,132
121,90
63,139
87,179
169,50
66,74
173,116
178,108
176,100
35,73
198,116
39,140
185,5
196,139
86,179
71,131
146,28
148,38
35,183
91,4
152,74
59,139
141,12
146,35
63,86
167,129
122,125
58,113
198,21
158,195
18,71
29,143
108,153
163,111
141,15
103,44
165,178
165,19
72,53
69,151
144,0
13,87
109,167
155,75
144,141
29,86
147,31
5,179
101,139
48,150
2,37
180,67
106,147
74,104
84,153
19,76
85,72
186,125
143,184
46,173
152,169
142,173
91,124
102,1
184,174
190,78
165,17
2,41
66,56
165,44
169,172
1,192
84,167
41,125
170,136
5,135
47,97
58,33
82,62
76,33
81,68
173,110
53,30
3,84
173,50
35,83
183,63
75,177
132,193
61,119
7,37
108,74
66,41
133,170
177,113
178,6
176,116
112,73
188,56
71,185
69,60
37,35
194,62
56,125
33,113
73,27
17,180
112,100
115,156
94,130
185,20
38,125
75,151
136,146
139,82
128,105
142,48
194,128
70,66
8,30
199,91
108,150
54,122
170,17
25,89
95,169
183,82
196,179
101,130
136,73
151,36
119,32
27,120
3,13
140,20
190,60
93,157
152,109
1,164
155,57
89,56
181,183
18,97
63,62
66,22
55,186
34,134
121,19
35,47
172,26
84,147
121,164
140,82
10,39
118,128
41,156
158,178
126,116
122,149
175,166
42,60
155,92
62,101
161,182
144,10
134,149
129,157
13,90
96,175
66,153
164,13
85,83
26,199
83,127
6,71
110,63
14,92
28,135
15,20
166,18
120,73
96,179
39,117
134,88
175,132
164,196
99,36
93,55
137,79
154,154
154,172
183,117
45,114
0,10
108,127
149,44
43,24
59,54
138,93
135,72
119,57
120,64
193,57
132,72
134,136
113,65
122,58
116,60
141,13
110,113
70,173
176,79
46,185
49,197
106,183
130,33
68,4
57,45
54,197
175,22
76,154
88,154
51,20
27,161
115,61
41,56
192,115
63,56
75,76
134,35
186,150
22,174
177,31
92,2
126,92
107,91
170,39
172,194
8,140
173,67
179,23
64,143
124,176
34,169
122,184
163,61
18,25
116,182
75,104
144,107
62,46
125,89
46,124
188,8
104,137
48,58
154,193
67,90
95,25
7,129
3,142
183,128
149,21
143,32
149,152
65,98
121,119
33,97
42,177
9,38
186,132
181,38
12,98
68,124
154,24
169,51
153,45
36,196
121,169
79,183
49,23
185,151
157,110
36,71
128,40
45,190
29,52
30,151
189,69
58,65
102,114
92,82
151,66
192,154
120,137
75,4
40,194
152,107
12,138
183,44
174,29
110,63
149,152
197,128
92,49
30,109
181,160
112,91
58,37
130,83
85,48
76,6
181,109
23,198
32,129
81,126
192,108
151,10
168,197
35,170
87,124
98,94
81,37
83,31
10,194
119,39
30,36
45,118
43,11
117,86
125,69
121,75
78,37
129,150
52,83
122,80
121,167
157,73
124,32
177,166
15,47
138,183
87,58
22,22
60,84
11,9
47,150
44,129
197,88
115,96
21,99
191,58
38,194
168,178
68,193
157,72
135,172
171,79
5,76
117,139
20,185
196,49
170,8
78,31
9,70
32,125
159,84
114,184
122,78
75,160
133,109
128,165
2,32
188,162
129,182
162,50
123,48
109,128
185,52
76,19
81,31
146,186
151,137
154,15
39,143
116,130
186,94
106,40
146,114
184,118
88,153
37,49
32,24
162,92
47,63
110,157
49,159
100,21
134,167
61,180
161,50
147,193
130,191
175,122
30,8
72,27
172,192
11,186
15,84
157,144
9,136
192,45
147,175
51,56
139,181
188,5
102,36
135,7
99,39
127,118
39,47
122,19
192,51
12,34
117,7
65,60
44,167
36,29
34,5
146,117
195,147
190,19
102,114
134,122
70,16
188,36
178,73
187,171
181,116
164,165
89,14
39,158
137,60
132,112
133,199
163,78
53,198
174,18
37,43
97,139
148,123
123,45
171,51
125,94
98,194
138,38
109,59
118,164
19,114
111,103
134,43
155,170
11,153
160,125
177,50
101,97
21,34
116,58
175,76
60,181
111,48
68,199
85,42
172,73
39,193
33,119
150,72
71,146
49,12
144,15
1,163
185,154
36,103
140,179
56,139
149,70
194,40
197,95
28,158
131,154
0,118
160,66
118,108
118,130
118,15
115,137
76,126
24,15
112,4
43,15
199,26
39,32
28,72
103,27
98,146
191,47
40,134
154,195
182,154
187,64
162,138
144,13
145,10
28,89
53,15
166,43
146,67
47,85
132,9
181,13
151,157
74,143
69,127
173,13
56,79
170,12
43,163
56,142
24,132
166,19
127,51
65,194
141,68
10,123
93,142
173,73
124,116
135,124
131,139
19,185
171,138
82,103
164,67
147,1
92,98
123,123
56,155
11,48
7,12
118,96
192,105
127,159
189,193
8,132
165,95
7,10
126,198
114,39
154,129
121,94
109,16
99,39
188,91
3,60
123,88
50,117
103,61
60,10
16,9
19,50
7,61
120,179
54,86
153,157
147,42
138,190
187,138
198,68
49,34
21,64
138,88
144,141
159,7
56,106
45,98
170,181
46,86
33,169
11,111
81,55
120,3
173,51
28,81
114,151
34,172
145,188
180,197
116,83
183,21
83,137
79,64
15,79
81,67
185,61
103,65
163,9
16,22
176,97
74,134
75,68
79,172
127,173
153,61
190,136
123,156
14,144
27,78
10,110
189,14
100,67
127,194
146,23
99,73
174,198
162,63
46,83
143,78
43,61
111,140
36,133
47,135
51,11
140,166
127,180
11,66
167,131
49,188
89,121
80,162
33,167
10,93
140,97
83,181
115,16
49,119
69,134
172,85
192,101
141,29
117,57
155,80
15,184
117,57
54,137
51,31
186,2
14,63
193,41
2,97
158,70
93,57
177,56
39,158
41,99
96,92
145,166
76,120
76,50
161,34
63,121
46,25
196,5
191,112
156,37
20,137
1,91
102,146
179,170
180,122
83,139
68,113
58,110
195,137
67,75
150,16
187,129
60,75
124,116
135,97
45,138
94,174
93,131
64,112
126,191
33,187
150,97
198,13
55,190
68,119
17,44
183,32
74,2
154,104
146,145
63,93
188,38
128,78
191,151
160,187
37,26
130,191
170,103
76,19
181,180
90,83
141,110
154,99
102,85
72,141
111,151
43,7
178,144
145,108
196,82
39,42
143,42
171,160
28,150
97,5
77,63
150,178
89,34
159,144
186,98
171,30
99,83
199,9
37,131
22,147
175,99
114,81
68,14
90,106
193,27
75,47
131,12
5,144
74,189
29,138
23,0
26,25
178,14
110,168
11,5
5,190
170,34
74,194
119,24
84,102
33,118
41,36
101,29
128,185
144,182
135,39
46,156
79,83
105,186
26,15
4,63
148,76
194,155
192,131
158,76
39,7
125,195
13,6
121,199
199,13
175,198
175,66
57,172
152,83
159,160
0,102
42,148
197,180
24,72
178,46
61,143
196,72
161,145
193,174
42,4
105,35
109,7
195,146
171,23
113,159
54,59
147,23
1,122
20,96
195,156
141,167
77,121
116,39
33,27
198,57
151,39
193,190
75,183
95,11
93,85
194,186
65,160
76,151
124,109
175,157
69,13
147,19
33,106
129,123
123,196
1,151
129,127
30,12
20,190
172,29
75,175
126,63
42,2
161,198
35,169
33,161
116,100
28,10
73,78
145,191
108,184
150,145
9,71
145,188
70,150
147,158
27,36
10,135
18,113
72,71
104,54
35,65
122,72
196,50
181,117
118,131
27,193
128,178
190,111
0,154
131,42
171,70
133,174
138,115
27,64
32,153
121,48
18,173
92,175
15,108
106,11
55,158
178,179
163,61
95,16
100,17
34,173
20,91
163,62
67,74
96,32
66,164
72,135
19,93
194,9
30,192
146,30
49,97
21,159
73,118
175,40
140,47
143,18
162,171
179,192
48,125
141,129
109,184
116,94
161,27
84,85
9,45
27,34
144,87
157,111
42,31
100,1
57,52
175,63
163,161
62,177
160,31
0,67
10,30
167,168
97,191
158,28
14,136
195,51
147,16
51,137
102,63
72,177
2,2
190,115
13,51
157,105
150,64
50,15
90,15
20,73
123,61
151,1
14,22
34,88
144,64
66,56
142,177
19,140
28,67
87,154
4,23
83,145
42,64
76,175
189,173
100,138
110,178
28,193
141,59
151,88
2,16
198,112
140,163
90,105
68,78
88,9
6,85
0,139
87,7
25,178
85,32
118,78
22,8
61,34
84,190
147,15
170,128
166,77
147,56
5,47
50,167
130,58
11,169
169,106
65,123
60,189
74,73
43,26
136,25
98,73
104,104
64,195
38,141
185,188
94,178
144,153
82,119
89,196
199,138
56,18
21,75
130,168
24,146
120,191
52,123
12,194
186,195
55,13
63,34
96,32
124,64
12,190
7,34
51,102
143,65
132,70
32,105
26,71
108,90
120,193
119,121
157,146
42,162
140,166
157,181
61,110
114,188
96,58
130,109
42,67
185,81
73,64
72,111
47,104
43,12
130,143
137,177
99,50
117,59
127,107
23,67
38,161
135,93
153,14
160,62
20,56
83,28
171,20
5,105
134,157
138,56
63,156
39,121
155,188
160,146
91,53
163,82
178,94
137,3
167,99
135,134
46,145
122,145
29,82
57,85
197,51
83,69
168,95
165,12
118,123
153,5
26,140
69,116
64,185
120,90
120,55
86,197
129,6
97,182
91,166
3,95
102,57
40,34
178,118
92,95
34,188
141,54
131,73
93,150
94,80
160,153
108,63
188,30
23,27
41,134
116,68
108,49
125,107
75,93
144,166
178,108
181,56
96,41
26,127
4,80
42,169
192,48
115,61
27,184
83,44
199,2
92,18
39,29
171,148
163,76
9,44
21,180
110,88
3,34
9,66
98,36
82,111
119,132
158,60
79,197
97,21
85,143
125,108
199,54
2,30
62,61
5,48
81,176
137,178
35,158
114,121
150,87
63,44
104,103
35,38
76,84
94,14
29,3
166,171
35,5
75,137
116,78
58,137
82,160
89,13
63,81
158,103
59,28
144,189
158,174
65,188
155,199
105,141
96,172
36,62
87,165
25,133
96,118
51,194
125,190
46,175
17,100
144,132
165,69
154,91
66,39
80,4
21,69
32,14
139,32
165,99
164,64
100,52
165,188
123,56
138,4
123,195
93,63
175,131
167,24
140,62
79,16
179,95
112,83
172,194
61,15
145,8
46,81
196,22
98,131
142,136
122,21
47,65
50,165
52,82
57,75
116,133
45,148
115,129
7,64
170,36
189,65
24,166
44,72
48,62
54,83
82,12
112,55
129,180
22,103
8,2
132,41
176,141
186,92
125,94
71,66
116,28
140,12
193,118
10,80
112,177
47,81
3,65
158,183
68,170
129,48
73,184
157,175
41,67
42,64
104,48
20,43
153,98
169,164
13,15
32,28
122,119
154,132
134,134
173,181
119,130
150,12
94,92
42,53
62,48
142,63
119,79
148,38
8,142
32,176
56,102
12,50
87,24
190,180
127,158
135,112
8,127
134,152
151,177
101,119
191,30
122,8
189,87
0,194
94,86
83,158
183,14
45,124
111,70
146,22
30,2
160,91
157,93
157,195
79,46
88,103
146,152
139,74
81,186
16,140
7,19
122,199
53,17
50,83
13,2
92,126
141,75
112,44
142,131
124,162
156,67
147,188
88,159
59,72
46,43
143,81
109,11
187,87
103,58
150,177
31,65
87,28
56,59
24,109
37,13
60,51
160,75
52,137
26,15
119,162
162,7
7,35
195,143
10,149
133,132
102,102
16,26
38,29
21,169
176,37
184,47
183,81
15,3
160,134
153,67
164,5
156,76
161,22
180,31
136,25
39,43
191,24
48,94
97,29
8,66
185,77
130,8
127,81
149,190
116,22
150,185
37,72
136,7
4,97
170,105
142,20
193,182
73,40
32,115
168,46
10,10
48,54
34,145
32,189
50,89
191,72
22,89
25,84
138,108
89,38
98,63
92,115
15,103
5,46
75,152
178,193
163,95
165,185
85,159
99,111
111,21
73,109
8,3
162,128
191,96
54,164
109,80
187,62
143,4
80,11
48,69
96,192
104,41
168,104
97,150
115,87
14,24
1,57
174,32
112,59
71,31
59,197
48,8
69,17
105,86
39,39
67,118
191,136
138,13
132,86
16,79
111,54
6,117
173,74
142,19
189,49
159,21
186,21
0,21
0,49
108,137
75,9
180,104
95,136
55,14
124,157
46,32
60,29
25,168
175,93
194,162
73,107
0,130
169,167
41,137
23,1
78,34
198,37
84,41
22,168
72,148
130,63
20,46
74,107
82,97
99,165
108,38
175,87
186,62
171,169
152,23
179,147
132,147
147,27
92,146
50,14
18,66
156,93
78,149
59,34
111,125
185,152
61,133
107,95
175,116
125,99
49,65
174,67
151,89
169,80
160,128
167,188
102,180
80,184
128,14
145,124
156,72
1,101
32,1
143,143
184,94
18,69
194,115
24,36
129,167
11,50
5,64
38,182
47,101
50,113
109,148
104,50
10,54
191,148
34,83
93,145
126,133
105,157
55,109
17,120
159,97
140,90
108,111
177,75
169,181
37,95
123,187
94,151
56,188
117,70
65,70
104,147
49,53
9,105
51,183
108,72
87,56
50,144
34,173
9,106
53,161
69,100
36,144
199,142
59,173
94,121
51,179
185,92
103,141
104,131
181,117
173,24
88,104
54,111
75,167
125,122
46,133
4,198
91,162
21,80
83,60
160,58
29,19
142,92
66,103
197,42
106,180
182,165
131,10
165,79
178,179
39,166
51,173
92,42
158,83
7,77
83,16
116,134
19,108
178,59
100,38
8,52
5,174
153,67
62,118
3,107
135,187
191,162
149,136
194,8
84,176
132,151
30,196
140,155
106,163
94,56
127,116
75,58
127,117
19,7
121,102
159,80
170,55
192,74
68,64
132,115
103,123
103,112
157,94
54,123
119,156
155,50
179,137
33,97
84,81
152,76
117,44
84,176
100,105
95,127
171,193
180,32
173,119
1,119
150,142
135,151
90,62
34,121
64,64
14,126
70,144
123,92
28,98
2,144
96,129
84,33
48,147
15,45
84,77
127,123
69,132
69,135
25,70
103,119
197,22
118,163
172,56
45,160
136,167
187,122
193,111
121,120
174,188
94,123
105,56
70,5
105,75
119,21
81,119
104,168
114,113
55,7
192,100
185,174
53,145
142,52
36,115
38,61
33,32
37,170
52,102
147,2
174,47
175,24
68,141
138,29
167,51
144,32
50,13
9,178
173,127
197,85
176,162
77,195
63,70
37,98
47,45
142,65
43,61
197,198
158,33
16,165
126,127
193,2
141,132
186,50
76,4
74,120
6,176
91,194
31,98
85,179
61,176
179,150
119,22
79,178
146,133
118,13
95,67
48,140
131,9
123,87
146,147
50,5
196,174
125,89
140,74
45,66
86,111
153,95
87,126
184,118
101,95
70,162
188,78
157,84
89,34
10,74
103,49
80,3
115,106
135,90
28,39
123,173
35,52
147,132
187,85
0,151
70,50
59,75
192,123
139,100
54,161
149,141
128,167
105,58
172,195
133,85
6,167
99,139
144,122
120,96
102,187
198,164
110,71
111,42
74,66
116,75
40,115
76,17
158,119
87,63
115,196
7,142
73,75
105,64
10,114
169,23
45,0
196,188
86,99
116,107
29,102
148,141
138,23
53,155
91,59
103,48
186,113
187,194
50,126
167,51
12,19
141,150
11,29
111,87
138,39
159,133
19,172
55,30
16,66
155,193
73,167
83,117
119,128
24,8
34,38
87,41
119,66
177,177
17,156
196,166
110,175
54,182
21,190
166,162
163,155
144,128
134,129
113,14
107,25
122,184
184,14
30,196
57,146
66,143
63,125
150,50
162,106
103,100
149,136
66,113
21,48
97,76
7,64
113,16
168,135
182,142
121,187
52,4
103,52
26,87
158,129
57,3
28,140
133,54
109,24
86,36
51,14
121,120
76,87
164,85
72,84
15,84
1,164
53,178
89,153
1,195
53,165
136,11
39,164
196,124
3,84
51,163
134,123
197,70
20,17
46,32
80,38
178,105
48,159
195,186
35,88
4,129
162,106
82,172
156,69
158,145
171,86
98,146
170,43
91,136
113,90
183,49
105,23
22,51
118,90
150,181
164,180
108,9
135,9
189,95
153,12
49,22
72,139
14,198
69,82
189,54
85,58
158,100
127,110
144,20
165,62
147,132
164,120
63,172
40,162
113,96
64,148
118,135
80,56
160,115
93,192
155,197
196,172
76,170
114,118
45,110
70,43
33,22
184,139
80,37
141,103
59,9
99,101
178,9
168,67
75,98
47,91
87,103
65,76
156,61
98,112
85,134
192,78
143,104
37,89
61,39
19,79
177,144
187,39
31,163
193,79
195,57
126,196
20,154
0,8
118,97
3,8
90,122
8,135
156,123
67,107
198,48
20,91
156,178
26,13
79,100
43,74
167,176
157,100
178,102
194,116
159,198
52,136
0,27
14,14
8,17
75,139
29,48
170,143
70,20
144,78
92,199
18,55
133,162
126,56
37,199
54,61
128,27
102,124
30,83
129,33
57,59
194,10
68,105
67,3
74,97
122,125
164,95
39,147
107,149
164,92
119,182
183,199
144,20
117,62
61,53
147,27
118,41
166,51
161,189
165,176
121,21
52,189
90,10
69,165
169,4
43,138
38,81
39,112
71,6
136,123
55,173
54,89
23,159
53,195
78,40
39,184
139,118
61,164
102,167
36,11
48,59
6,142
74,110
142,108
38,15
109,49
165,113
83,123
36,132
68,135
16,135
94,142
111,195
122,189
51,119
130,122
95,103
88,119
14,137
98,72
27,146
51,99
59,148
179,126
146,20
175,162
56,157
59,99
0,89
138,112
70,199
49,31
59,170
96,164
42,21
164,66
85,5
120,115
115,147
45,107
85,133
69,21
196,44
51,137
73,99
21,96
102,152
53,41
128,123
60,26
183,74
136,34
114,116
126,175
91,44
71,150
119,127
140,55
74,151
146,55
103,63
146,114
80,139
133,8
106,92
85,177
81,82
49,128
173,105
41,140
149,65
42,178
146,109
26,94
95,177
27,86
86,139
64,107
20,86
175,21
23,66
75,76
161,41
153,67
37,158
46,75
85,187
162,0
81,158
195,185
19,39
172,45
53,41
19,70
33,102
27,73
20,36
30,98
192,197
77,14
22,148
53,33
0,42
74,162
42,30
26,184
9,97
125,7
150,151
34,95
190,114
3,118
74,65
143,55
99,150
188,6
197,9
19,187
153,22
193,59
96,155
189,25
99,156
175,155
148,43
59,193
147,143
106,44
130,67
33,63
41,62
164,107
103,91
95,17
45,48
171,62
195,133
69,126
155,112
22,182
86,83
159,34
9,164
137,185
199,25
46,51
197,149
140,38
191,57
146,107
63,140
185,146
55,19
14,187
80,73
100,189
76,17
13,20
62,91
104,92
65,129
67,60
125,97
11,150
167,95
131,123
166,28
100,168
17,58
8,171
49,145
176,63
117,95
26,25
152,181
179,120
68,64
117,197
198,150
98,138
161,7
62,176
44,193
137,88
126,177
27,93
32,76
166,5
172,17
75,163
195,0
99,107
94,145
85,63
146,128
51,195
108,23
46,90
158,199
98,107
199,154
52,169
113,115
56,20
159,78
117,166
71,190
105,64
40,12
78,63
83,53
76,160
46,65
178,119
54,74
190,134
179,34
72,14
112,47
87,140
65,152
147,64
125,52
51,98
9,144
143,6
168,190
46,66
58,123
143,133
46,23
172,76
71,134
178,162
189,173
48,181
186,112
93,105
45,150
158,9
67,91
14,69
180,77
113,77
15,107
112,27
32,46
24,25
19,96
101,149
144,134
77,110
181,103
102,109
26,151
166,156
35,190
187,10
184,17
160,20
46,193
121,67
61,176
171,11
133,199
120,183
195,38
133,118
137,129
4,38
163,84
7,138
74,169
196,187
147,36
57,86
84,60
0,0
43,10
183,16
6,74
92,137
165,20
36,96
35,184
31,158
54,1
118,162
104,139
113,22
62,19
176,145
141,113
122,130
96,77
51,195
129,45
141,199
164,173
176,102
54,142
125,31
122,43
164,61
156,7
179,24
8,16
61,174
151,152
45,189
42,22
194,116
32,52
36,88
180,92
8,65
194,128
80,47
8,178
167,134
116,173
162,183
64,30
9,85
129,194
35,139
125,51
199,196
95,125
105,157
82,112
60,0
15,40
8,182
125,150
22,97
80,14
22,39
147,13
42,19
97,129
149,174
4,109
70,167
166,166
191,107
115,65
91,134
163,125
3,94
36,64
35,78
51,196
155,2
38,131
76,190
145,73
5,29
124,116
28,74
81,143
61,108
151,145
88,123
188,93
3,175
172,134
147,38
52,121
148,122
143,25
197,117
100,56
45,165
68,16
150,34
130,111
161,130
59,145
161,47
190,40
64,26
107,57
116,92
170,94
150,162
114,178
136,16
129,76
6,123
143,58
185,174
155,97
103,59
165,58
82,169
85,13
31,30
113,126
112,171
136,168
49,101
189,6
39,110
114,132
17,55
130,154
194,31
157,48
31,43
8,170
163,87
2,199
113,91
29,196
69,19
21,181
106,141
25,195
154,79
186,103
124,66
65,191
70,1
167,140
169,175
155,134
15,70
21,127
28,59
102,25
65,166
124,72
29,139
113,11
104,27
90,178
179,195
3,78
95,43
140,132
40,105
143,103
178,114
84,175
178,28
186,118
181,83
139,91
195,35
181,128
123,94
193,179
129,123
27,12
32,61
82,140
3,43
98,56
24,169
126,42
190,75
147,150
118,135
110,167
98,57
172,162
119,31
32,127
63,125
36,32
155,161
144,98
196,13
68,34
21,164
147,168
20,131
100,105
43,134
58,83
10,110
186,13
141,131
66,188
66,16
5,164
131,74
4,37
66,43
0,115
124,16
115,108
178,137
8,151
28,60
168,98
96,116
24,199
105,96
87,147
177,23
194,166
81,62
129,164
115,34
186,1
172,183
81,109
38,49
127,43
170,157
147,99
84,94
100,55
97,79
194,129
17,106
103,42
158,152
71,93
5,37
111,64
103,174
172,26
136,95
62,20
133,31
164,12
119,37
165,178
170,32
195,68
65,175
26,124
198,7
192,35
184,103
153,198
39,38
136,17
185,75
199,191
40,184
29,87
8,100
0,122
93,179
161,50
68,54
81,193
20,197
192,95
178,49
125,34
113,96
88,81
199,53
49,44
196,74
46,182
157,106
47,104
193,188
156,72
7,20
20,194
23,14
86,121
113,131
186,174
133,190
43,123
110,162
113,188
24,134
87,37
51,95
116,100
114,42
49,22
40,168
188,61
5,29
72,113
106,18
57,148
54,58
44,179
49,109
135,128
141,59
120,177
153,158
25,156
160,25
90,65
180,93
190,21
141,197
196,3
184,95
174,141
146,68
165,123
2,7
152,89
6,40
64,121
46,15
127,128
170,151
21,85
113,136
30,150
23,144
117,98
25,174
193,107
19,109
31,45
0,103
106,130
156,161
104,156
30,180
181,3
4,188
33,43
151,169
70,105
145,135
181,29
150,146
152,34
150,23
1,184
50,28
157,175
47,198
144,190
33,129
93,90
8,54
147,103
188,183
57,24
134,18
88,167
195,118
67,137
56,76
161,81
53,18
149,69
84,181
89,87
80,14
192,109
95,10
28,23
70,44
8,109
80,79
12,121
118,175
109,111
65,49
195,139
59,137
169,91
125,184
119,32
39,183
101,180
2,9
83,118
21,103
173,10
43,43
4,104
185,113
10,3
195,33
172,178
153,138
177,29
131,2
97,66
100,76
141,190
105,25
97,178
76,63
161,49
132,188
196,161
181,17
88,191
152,150
120,60
121,122
30,113
172,87
126,104
126,46
179,86
38,177
129,131
66,149
179,166
37,194
154,9
193,35
160,167
43,159
109,108
44,171
79,179
132,109
78,102
39,80
65,174
121,38
166,140
149,93
44,174
42,109
189,82
118,111
100,84
81,107
41,93
155,131
6,112
145,166
135,4
168,79
122,98
182,56
33,126
61,191
46,91
85,48
144,146
177,45
16,137
61,170
126,12
42,26
165,138
104,120
100,25
53,63
179,112
124,103
96,19
157,173
147,157
176,84
66,67
185,50
143,192
95,156
174,57
100,140
89,154
27,165
175,195
106,87
142,22
106,144
31,33
183,85
87,125
199,175
155,180
153,82
192,187
72,195
70,32
106,116
33,112
82,69
69,76
153,158
111,128
151,49
35,14
139,118
51,190
70,113
153,53
113,64
69,74
139,151
151,190
129,138
1,144
83,153
118,11
143,74
83,96
32,137
51,144
107,45
96,177
69,4
80,171
185,19
133,145
113,133
60,21
179,84
64,127
191,10
142,174
189,103
74,139
120,149
97,72
4,112
195,165
56,4
51,164
144,151
47,169
27,119
79,85
179,138
139,17
1,65
53,65
155,190
35,111
6,53
93,73
196,73
106,186
11,62
42,132
15,66
21,96
141,58
60,4
145,29
27,197
43,111
123,175
1,124
58,163
22,137
113,25
52,99
36,91
82,162
23,72
169,163
193,80
42,16
5,10
186,198
42,113
178,81
122,99
51,57
145,167
199,5
155,120
38,55
167,62
26,9
27,92
141,113
4,38
189,87
51,100
194,135
70,28
116,34
149,117
108,147
53,1
0,145
65,19
180,190
37,100
154,117
104,97
187,139
6,51
163,143
44,189
67,5
125,11
149,61
68,29
72,69
117,106
182,99
188,116
58,186
54,30
143,4
7,145
44,9
113,128
39,67
48,101
144,63
115,22
161,78
187,198
58,61
183,74
84,144
86,163
115,158
36,95
25,144
76,140
143,103
58,21
35,42
9,121
37,134
21,77
176,98
38,155
15,43
126,11
194,38
17,16
195,173
173,199
33,113
93,14
133,189
5,126
46,75
123,145
92,102
51,156
78,165
75,84
118,24
115,27
140,177
3,129
84,38
198,159
118,5
18,59
59,172
120,42
19,28
94,136
31,188
186,113
86,14
18,90
64,175
134,99
138,95
140,59
117,127
84,8
197,65
119,122
51,57
112,12
141,24
121,63
171,188
183,96
20,45
56,151
162,147
75,150
177,186
92,106
34,87
18,19
73,161
45,34
98,4
73,67
174,116
44,162
29,172
190,100
6,114
0,76
137,52
60,34
99,77
162,76
59,39
16,98
124,122
105,178
37,159
164,105
14,24
10,110
179,56
8,55
128,10
84,180
136,36
36,69
192,158
10,198
47,109
128,176
117,55
89,48
196,48
189,119
48,162
173,48
97,151
176,67
39,117
175,174
28,34
170,57
22,52
176,131
36,147
13,23
77,68
147,179
174,132
86,115
48,182
28,35
44,8
114,198
64,136
183,103
52,191
107,149
112,109
135,110
129,164
88,199
37,112
79,91
33,35
0,156
18,173
139,137
70,27
98,27
34,94
73,182
29,59
59,98
182,118
112,71
11,64
36,51
23,21
156,28
199,83
28,93
18,81
58,191
42,152
193,109
59,120
84,140
17,123
128,78
59,115
146,143
75,167
13,11
10,46
173,42
44,168
182,29
173,79
57,179
85,79
71,30
156,33
48,59
9,17
80,134
108,105
96,48
168,62
112,100
83,99
195,158
23,159
47,29
16,165
182,199
73,47
3,123
196,8
105,157
100,170
78,109
71,115
98,144
161,120
64,39
83,21
13,79
154,32
25,72
131,32
139,175
155,142
195,15
132,47
105,106
52,86
23,134
58,52
15,16
111,95
26,67
110,89
126,45
41,100
34,57
82,0
139,51
175,133
61,163
140,74
55,123
13,64
70,50
159,134
66,7
106,179
130,48
168,129
12,16
156,113
147,79
79,154
103,85
19,157
84,57
111,20
153,7
33,18
40,5
183,68
56,94
1,33
149,30
97,41
140,121
63,42
142,93
41,51
174,135
81,46
161,177
20,151
134,163
183,26
77,193
172,156
6,190
164,15
79,78
41,57
144,198
97,16
70,164
197,18
109,163
99,144
22,172
101,44
33,199
15,183
141,139
100,73
179,168
174,4
118,196
165,159
177,124
154,60
76,176
119,123
93,123
117,72
29,140
26,22
175,121
193,12
8,189
72,103
185,83
109,152
146,100
102,122
38,171
39,23
160,33
79,9
161,112
170,62
111,84
180,54
165,177
119,3
151,50
145,120
84,97
148,168
165,104
122,136
147,117
192,107
140,79
91,136
78,194
27,100
191,124
106,191
167,72
7,132
166,85
59,111
175,9
188,70
12,20
150,49
165,182
144,162
79,189
35,148
181,135
182,11
52,109
158,50
151,22
111,108
26,117
155,194
139,167
34,106
75,150
32,108
23,178
67,4
33,128
123,2
71,5
94,8
56,68
73,127
185,98
52,33
13,103
115,118
117,44
29,1
195,182
181,55
139,25
4,177
119,36
37,152
146,85
177,79
23,21
98,7
71,20
37,2
38,72
156,0
190,66
142,1
76,44
17,40
83,189
139,48
173,104
60,183
103,34
65,188
9,139
51,184
137,190
141,94
134,28
61,185
82,136
131,3
196,137
191,127
22,188
153,21
142,5
86,54
168,56
165,178
80,65
107,177
83,195
195,92
151,57
78,3
106,158
199,139
192,167
71,81
44,123
131,188
105,17
45,11
194,175
4,74
70,142
134,38
195,183
109,95
64,88
39,24
115,190
186,66
101,1
24,130
12,143
102,70
53,37
180,80
119,144
133,63
189,0
167,8
120,26
59,175
168,187
168,53
1,42
91,39
134,31
166,179
83,149
92,0
104,67
102,75
90,43
128,171
107,162
168,161
120,75
9,43
90,35
32,46
143,187
41,16
9,81
123,81
127,11
138,107
146,48
158,196
28,95
150,188
195,7
24,182
14,119
148,25
71,48
103,149
7,173
4,191
23,104
163,98
102,7
34,178
180,120
2,44
183,152
146,82
160,169
38,72
108,87
125,34
61,196
125,99
112,87
6,194
1,121
99,100
88,47
182,123
139,112
69,165
135,143
150,92
95,80
116,6
21,147
138,167
48,77
95,52
65,10
39,61
26,112
162,39
24,110
12,49
95,36
55,186
135,187
135,0
110,145
110,29
82,193
22,90
136,50
84,142
129,190
28,72
178,195
91,109
84,22
145,160
86,47
77,125
132,4
57,127
80,8
142,199
84,115
16,131
83,196
169,49
136,87
148,189
28,118
23,150
20,146
20,87
197,188
117,144
99,117
152,111
77,187
92,136
16,70
170,117
169,148
18,107
102,127
134,133
141,146
195,152
46,72
146,149
115,117
41,23
93,160
110,76
133,21
157,52
163,99
155,56
151,115
29,88
162,120
96,60
162,179
26,42
193,49
122,17
18,6
30,153
46,134
46,126
10,187
197,106
99,139
146,116
165,169
161,138
122,193
39,29
110,164
147,149
103,69
181,157
0,11
100,86
191,26
55,71
65,10
127,125
9,84
99,197
9,0
135,193
137,49
77,140
43,193
185,161
174,85
20,42
113,77
99,41
33,152
25,118
70,143
81,57
111,106
80,187
29,135
91,49
36,189
139,99
191,190
152,150
182,77
80,52
165,186
50,140
92,171
69,115
162,71
199,64
89,82
149,172
107,130
110,43
6,117
46,76
89,111
138,6
22,155
165,165
188,162
54,40
128,81
183,80
58,61
10,158
198,14
112,31
186,90
85,83
110,137
72,193
162,173
67,103
51,39
172,122
120,148
21,199
55,38
102,166
75,146
155,76
184,123
158,41
16,13
142,51
31,179
192,83
16,64
184,29
174,173
66,69
92,65
78,140
55,59
97,34
122,93
26,36
171,129
86,166
145,30
87,189
197,45
114,61
28,85
62,121
162,107
126,26
117,96
78,99
48,69
32,92
117,26
101,91
175,15
5,105
73,24
45,102
181,131
166,90
34,115
93,53
3,83
46,195
4,76
144,111
169,144
52,76
44,116
81,61
191,145
23,162
185,88
28,140
17,39
69,133
38,69
105,89
108,148
174,0
59,56
73,146
95,64
42,77
97,130
53,52
40,199
42,3
162,41
151,26
12,194
43,89
18,59
130,82
188,187
187,96
104,151
166,83
175,13
171,11
103,3
176,69
127,152
50,91
84,130
37,112
103,186
22,133
43,193
18,126
24,121
199,27
48,40
132,10
37,122
173,120
39,49
152,34
18,135
41,75
5,70
173,89
85,180
0,195
13,57
23,107
174,15
151,83
92,159
8,102
182,1
196,72
135,117
107,173
97,89
63,149
154,0
196,158
152,187
96,44
85,121
21,194
38,169
83,50
114,21
121,183
78,173
50,21
158,64
120,146
50,83
84,70
75,191
8,126
169,124
166,3
66,165
94,66
156,15
94,163
62,37
66,160
185,137
27,160
1,119
198,146
164,42
76,62
151,152
114,34
101,67
190,38
12,94
152,119
56,27
77,119
47,164
172,197
187,151
11,146
91,149
79,44
90,195
148,44
139,83
174,90
72,151
57,123
178,134
35,5
123,103
53,143
132,29
3,16
43,33
69,73
14,143
173,90
70,67
136,171
27,125
93,33
191,157
96,25
56,155
168,4
13,33
22,75
195,69
41,119
89,188
1,193
128,53
28,63
175,104
8,102
0,121
126,131
4,86
10,108
168,137
137,79
189,190
26,42
14,148
26,39
97,199
197,148
72,80
129,64
19,93
185,56
173,177
153,103
8,179
40,48
134,57
114,95
170,121
129,66
56,169
155,116
3,89
175,156
50,16
71,158
140,57
84,159
12,49
165,107
137,166
172,195
99,139
159,192
46,15
137,92
80,21
75,158
120,54
135,126
73,18
44,104
147,71
170,34
70,34
71,194
54,139
167,83
37,70
83,10
29,189
61,80
75,185
103,182
20,187
42,68
101,130
191,87
131,22
127,61
73,164
17,63
188,153
114,118
38,96
71,167
171,59
16,170
14,147
75,143
73,63
176,164
160,48
10,39
151,36
18,197
177,6
116,139
12,185
65,58
73,87
80,194
27,23
30,43
187,92
196,162
52,84
177,75
108,116
124,47
0,156
175,93
122,149
174,26
2,4
189,117
81,123
108,188
87,121
91,148
78,16
178,170
124,131
2,17
13,144
49,179
92,189
116,0
24,146
144,41
43,29
139,149
162,17
45,143
34,42
83,37
144,92
78,104
21,152
186,93
8,75
22,54
19,65
188,114
182,177
175,70
8,11
162,180
55,29
34,83
193,9
126,98
128,102
123,160
140,18
174,99
45,0
122,119
91,142
13,26
4,177
39,143
198,34
54,56
38,178
104,26
159,46
26,108
168,24
39,89
154,63
167,47
5,92
97,123
91,180
18,102
92,155
61,82
67,52
153,107
116,17
104,76
105,173
56,133
142,66
46,65
192,59
193,111
11,196
155,170
92,101
129,134
124,81
182,14
84,44
146,119
195,156
126,120
104,150
29,166
129,22
79,34
150,119
119,13
22,176
69,186
51,76
91,55
90,44
143,75
130,26
50,15
84,29
0,53
64,4
100,107
120,178
12,71
172,187
46,40
57,86
46,196
83,58
156,24
78,130
194,116
170,126
154,178
81,4
11,176
167,119
156,86
76,4
111,7
60,41
61,167
64,95
77,56
173,73
69,63
151,128
175,134
38,60
144,45
144,111
1,11
49,46
33,122
146,129
52,46
52,198
69,127
87,199
24,5
29,53
156,130
93,86
42,163
66,64
40,95
111,72
198,130
142,103
127,108
128,125
12,158
176,79
152,84
162,1
179,41
176,152
156,167
185,21
86,178
163,158
178,36
5,47
199,171
150,26
134,101
37,119
133,58
97,76
22,80
16,56
26,56
199,154
68,35
68,32
86,62
159,64
41,23
56,132
139,195
71,111
122,134
195,114
144,153
193,87
137,8
186,90
75,0
152,73
146,140
18,20
128,37
97,143
89,136
63,25
191,193
147,24
39,94
118,20
6,80
28,108
74,97
102,125
73,87
39,18
5,145
27,83
88,57
7,179
128,182
116,12
33,100
95,76
38,124
116,128
159,105
164,58
166,173
57,76
156,186
158,34
136,181
59,170
142,106
178,112
165,102
74,26
108,23
66,168
5,32
198,175
102,177
37,186
51,20
144,158
31,88
2,57
24,97
54,53
136,81
154,158
178,150
158,184
19,186
97,52
43,47
120,47
111,145
21,159
96,70
160,95
142,164
91,179
117,143
58,101
194,130
179,17
107,190
144,83
129,61
19,18
102,4
38,40
188,40
101,67
4,191
119,83
70,101
23,147
157,89
110,17
80,30
182,146
56,135
110,110
178,41
92,188
126,140
20,25
11,117
134,191
73,197
166,16
109,159
60,185
30,70
152,141
130,145
159,183
2,116
45,196
17,151
177,66
71,22
199,162
11,192
76,12
54,153
161,13
66,145
162,4
188,107
121,135
98,7
119,18
67,9
23,139
56,183
118,41
117,26
140,135
89,140
15,180
169,63
77,40
150,85
125,51
186,87
116,186
162,94
47,49
190,88
26,199
146,153
125,73
165,25
112,33
48,159
110,31
75,156
178,189
139,44
105,148
41,12
46,162
141,48
170,112
80,6
85,103
97,22
81,142
158,108
123,42
12,88
147,38
81,116
76,152
36,192
64,84
130,6
177,137
104,114
4,144
56,91
128,90
77,147
51,150
159,87
2,145
73,149
5,10
146,16
82,34
114,168
68,142
48,136
183,45
139,71
52,197
89,154
52,156
71,144
2,84
111,153
68,26
112,50
99,13
92,53
196,109
176,84
174,23
19,147
169,3
12,63
32,164
184,88
190,93
103,185
185,64
22,64
194,179
81,33
54,82
173,20
183,166
109,156
64,98
122,155
42,24
44,9
145,139
163,9
161,190
133,124
190,44
87,9
121,100
81,91
73,74
2,116
25,181
160,7
74,59
58,184
123,44
115,111
103,186
111,11
140,102
153,136
77,127
167,46
104,8
157,63
21,193
84,136
170,130
116,62
96,144
114,95
162,93
169,182
51,94
160,161
97,177
24,130
147,3
102,115
188,105
154,62
129,153
111,100
132,39
26,153
166,140
100,119
56,76
151,144
62,117
100,62
71,128
93,83
155,50
58,144
105,121
189,86
105,144
13,89
106,100
158,116
63,28
152,82
158,123
0,32
115,63
25,182
122,91
63,52
135,134
95,55
142,66
73,5
88,78
53,3
91,169
76,28
112,107
39,171
72,19
38,20
1,147
84,97
43,4
87,29
98,74
3,60
15,146
55,156
57,136
4,1
153,56
166,107
146,162
83,192
176,172
69,163
69,73
37,22
57,52
168,105
61,169
181,187
78,175
120,55
181,96
188,135
162,98
141,161
192,108
55,71
130,195
144,100
51,37
84,168
169,199
33,141
87,168
60,91
67,98
31,140
148,165
146,178
169,93
145,102
152,166
118,145
143,65
73,95
36,61
177,60
11,103
170,112
31,103
56,81
193,71
140,107
48,141
11,109
29,142
136,46
116,172
87,74
81,42
57,105
57,131
162,81
32,46
115,22
122,37
47,172
141,115
75,92
29,197
100,51
83,182
181,76
54,174
10,53
66,171
78,165
186,156
194,100
142,15
69,20
78,180
149,87
16,9
184,31
153,145
124,154
62,57
50,132
139,144
179,69
152,26
165,166
196,190
114,105
137,114
15,143
101,68
61,31
169,196
199,25
96,146
164,106
79,182
54,25
131,193
44,64
73,52
146,43
65,67
76,158
32,90
1,6
158,136
0,153
178,90
132,75
45,54
136,48
81,143
70,74
41,106
29,19
186,41
40,23
150,70
105,82
176,84
34,126
71,39
149,36
129,157
152,98
90,85
61,165
86,115
157,42
0,124
185,129
53,13
63,187
186,7
37,85
100,125
45,198
53,177
128,65
121,189
6,127
115,5
177,174
105,72
75,129
13,199
82,119
28,102
18,179
42,132
12,96
62,72
134,24
86,143
38,182
128,130
21,114
13,194
99,46
40,89
179,30
193,133
81,87
91,153
69,145
137,138
115,171
132,84
49,150
129,142
40,156
139,144
21,156
63,71
40,98
63,199
134,98
7,73
36,118
164,4
19,113
118,86
71,188
120,121
183,95
111,77
177,148
155,43
16,62
67,90
139,10
198,65
124,20
182,103
6,97
137,52
6,123
197,130
121,62
150,19
30,170
79,156
83,175
175,13
38,47
87,114
108,114
171,103
71,51
91,22
58,180
135,195
77,93
179,12
12,40
50,70
116,178
181,134
183,91
146,185
158,24
122,0
79,1
133,57
11,170
33,88
145,8
141,191
52,112
177,37
196,186
98,192
182,150
13,115
42,6
155,18
185,24
145,155
171,196
60,134
194,148
31,15
27,59
36,28
54,107
50,15
199,135
81,147
139,142
160,36
120,116
153,184
192,87
73,180
135,60
29,52
199,145
36,110
146,109
38,31
113,147
187,146
31,19
52,169
46,94
55,136
188,199
158,118
158,195
58,36
44,108
50,119
194,40
159,77
104,127
90,99
67,190
79,85
134,24
186,165
194,183
98,21
133,153
14,46
105,92
131,64
80,33
50,52
94,73
100,95
139,88
98,26
133,187
68,89
189,91
193,53
121,133
90,182
106,27
197,98
169,115
149,131
151,91
198,86
23,91
48,117
3,17
80,183
107,68
161,110
152,96
40,148
113,164
82,153
0,32
23,177
0,148
45,186
193,67
8,42
2,1
14,64
56,41
56,163
93,76
124,150
39,99
168,81
84,179
68,58
195,176
86,66
173,185
135,66
52,148
16,172
101,23
90,145
59,18
101,145
167,33
161,132
57,142
44,150
42,36
167,161
112,111
104,148
193,193
133,82
91,171
36,124
80,103
102,56
116,144
54,76
57,130
165,75
114,190
62,38
195,44
23,4
60,44
162,126
193,161
21,166
14,160
161,22
18,115
27,167
34,88
196,31
168,113
51,11
1,120
154,121
121,179
160,169
199,158
150,65
23,170
173,119
68,25
165,164
137,60
182,175
20,123
77,19
104,36
163,193
155,178
125,90
163,42
114,116
14,134
117,172
121,169
135,131
47,115
14,118
49,63
105,67
17,10
133,5
51,142
172,0
173,151
147,190
149,10
54,101
11,172
139,29
141,174
198,39
175,130
134,59
38,198
142,180
126,164
105,109
144,184
112,80
170,38
175,176
166,123
58,128
3,27
2,50
33,127
187,86
116,19
116,176
101,89
174,148
9,114
186,198
182,179
68,18
57,165
188,69
87,51
184,199
93,84
154,184
28,61
189,34
107,69
105,182
185,81
6,67
39,138
1,151
124,102
97,144
119,132
155,88
197,7
134,5
121,166
157,100
56,78
116,90
124,141
90,65
47,58
57,188
193,157
148,151
133,44
123,193
41,65
59,23
53,194
171,133
83,95
85,123
42,160
45,98
158,139
88,151
94,65
12,28
23,161
167,84
142,47
164,160
92,13
148,90
112,42
164,60
95,179
158,198
136,33
171,127
107,58
114,106
103,56
105,34
194,85
49,169
87,70
163,186
184,73
24,76
73,95
152,46
125,193
183,96
161,69
62,148
166,126
50,154
110,141
89,112
163,146
158,101
139,107
39,150
107,15
121,157
73,101
125,15
122,199
152,14
183,124
39,135
146,64
127,190
139,198
4,94
26,177
88,121
49,64
88,66
66,26
43,125
113,17
43,64
185,134
136,90
17,156
85,145
69,53
153,159
195,28
126,147
142,114
10,154
36,11
136,79
37,134
144,45
6,33
126,51
195,149
195,153
124,5
33,153
33,163
197,35
3,37
137,136
183,20
177,120
107,109
121,194
49,38
70,176
0,48
103,83
44,51
88,22
158,104
52,79
69,90
121,45
30,160
159,113
16,51
42,65
33,136
72,77
164,199
4,172
80,134
194,75
92,22
109,160
0,73
124,16
76,114
141,192
74,145
59,145
45,183
2,123
108,143
131,117
154,9
105,184
176,158
135,127
54,150
50,24
110,91
39,91
26,89
90,185
177,41
147,154
69,96
53,47
36,0
62,197
45,92
75,94
140,78
140,87
70,194
88,193
45,94
195,12
81,12
80,87
30,189
19,127
91,119
91,108
14,51
64,157
177,80
181,25
172,142
27,17
136,93
64,82
29,64
147,128
65,156
53,182
17,77
137,79
108,51
61,46
64,96
117,3
25,19
25,184
27,174
105,151
116,130
197,39
35,11
25,54
93,186
129,149
13,149
64,56
66,78
19,7
158,66
145,120
30,97
63,74
76,77
140,41
87,113
195,120
2,52
145,136
165,80
107,56
97,116
146,161
164,0
20,148
70,187
9,37
105,30
148,112
162,104
83,26
1,68
41,141
2,52
127,114
51,194
5,114
137,146
109,16
187,143
115,14
132,67
92,168
180,30
139,17
78,34
104,108
186,29
51,168
107,136
61,120
28,26
64,127
188,86
27,48
58,85
22,96
179,97
160,134
161,152
126,147
133,155
128,114
154,53
193,112
13,152
77,94
2,56
84,162
61,1
192,30
93,2
13,138
44,32
89,145
161,56
133,116
54,52
153,54
124,197
83,187
152,90
155,38
126,197
143,89
162,85
174,9
97,105
120,112
34,174
135,149
25,125
109,162
188,66
103,55
177,53
166,162
198,41
12,90
68,125
180,132
145,14
150,81
65,43
176,175
166,129
38,121
64,99
48,154
134,27
140,194
66,152
139,156
55,16
86,55
23,80
195,120
30,0
134,92
8,138
183,143
54,197
157,190
48,73
104,193
37,166
54,84
49,134
45,98
182,45
142,70
6,95
126,34
106,183
105,88
66,150
169,105
157,99
98,72
59,14
137,12
130,142
196,74
50,14
98,100
170,126
141,47
196,106
11,40
154,36
174,5
127,64
26,104
120,182
114,20
26,124
39,7
141,132
167,78
132,93
130,179
90,148
170,5
142,178
107,33
148,113
176,107
27,131
176,60
185,30
1,94
167,33
50,79
157,133
138,153
45,32
106,108
29,53
106,7
134,190
4,122
131,86
63,95
136,72
4,140
0,30
185,190
34,138
7,189
65,162
103,98
24,92
15,157
199,91
27,195
84,67
104,1
87,182
86,86
16,74
195,89
187,112
22,175
49,171
181,139
146,123
104,175
165,198
187,118
71,124
45,194
15,38
129,141
182,57
107,61
44,89
100,153
187,159
174,58
92,45
130,80
39,184
104,39
100,135
111,130
103,62
24,98
167,38
95,108
56,71
100,96
171,101
166,70
120,153
17,157
165,185
181,55
48,5
128,23
178,162
195,42
81,65
7,155
155,104
109,3
86,187
7,49
163,157
12,138
27,34
138,87
24,85
37,180
79,21
181,128
11,1
148,9
155,95
20,131
194,93
155,28
27,69
116,153
159,155
157,12
105,79
84,105
58,143
144,67
139,139
123,118
87,53
139,52
79,152
101,34
155,26
72,21
199,170
18,44
146,133
102,54
199,65
78,94
35,97
20,1
59,151
117,157
44,121
92,24
12,42
89,69
17,3
140,97
44,147
59,94
131,121
63,194
66,184
82,91
162,111
165,1
90,84
48,119
114,68
88,44
81,100
64,64
44,29
199,4
5,74
48,11
39,43
167,181
152,101
148,49
93,134
79,158
32,84
67,153
25,153
169,39
101,150
163,40
6,95
3,78
92,73
65,94
36,52
123,86
3,123
95,82
32,190
51,199
47,47
143,43
132,115
104,93
3,191
51,44
16,164
116,39
145,44
121,2
138,120
4,37
47,86
130,43
1,191
24,178
199,171
26,73
113,58
93,155
71,151
45,126
185,88
176,186
17,22
162,129
83,31
87,49
175,45
190,67
6,186
136,52
195,19
135,128
71,85
49,50
97,161
151,156
115,144
13,74
2,11
162,158
28,169
34,112
194,40
136,34
58,24
175,96
60,37
88,57
63,116
8,186
18,198
59,14
78,23
30,104
188,154
56,86
98,174
157,48
14,98
185,150
56,108
79,167
84,5
158,31
70,191
185,48
30,120
28,161
17,110
198,29
94,180
109,49
97,172
86,187
102,108
4,50
72,68
18,101
199,174
61,109
8,86
90,140
68,183
134,86
62,165
160,42
156,136
178,140
157,98
199,110
115,132
84,164
190,160
68,61
144,53
197,21
60,104
195,10
152,25
194,189
140,173
107,138
7,90
74,186
183,171
174,14
168,152
72,37
72,44
177,88
180,113
142,127
152,47
56,114
126,32
5,174
167,165
11,47
76,10
20,0
73,171
20,110
7,36
180,183
70,38
58,154
111,186
197,145
12,83
17,55
147,45
74,188
111,104
26,25
178,66
21,36
40,63
45,11
2,139
199,167
103,61
197,76
44,163
120,74
129,42
55,74
76,122
106,170
128,152
56,94
45,119
33,66
121,14
54,55
189,180
167,10
55,73
100,52
121,166
3,135
126,21
119,61
150,55
68,162
16,108
175,8
30,59
82,108
122,13
152,84
12,29
36,52
56,6
31,33
38,136
71,16
29,154
98,110
92,126
105,158
139,44
184,88
83,93
104,148
108,149
64,144
58,150
2,9
28,73
184,78
42,153
196,171
130,71
114,59
57,152
112,164
14,190
124,131
7,63
187,51
84,27
113,45
162,45
153,65
143,92
102,115
121,42
82,49
58,33
174,33
38,165
140,85
28,67
183,191
101,96
88,138
136,122
82,19
105,133
158,168
152,154
186,133
41,151
52,7
20,47
138,152
90,130
12,174
72,159
107,110
131,152
167,187
62,71
196,57
41,187
179,32
86,95
114,109
91,175
5,159
177,74
47,20
87,78
199,172
146,53
49,187
178,94
96,55
188,198
107,101
106,101
114,184
188,40
174,119
179,77
74,6
99,9
66,25
74,69
16,148
190,73
42,97
88,65
33,190
0,38
25,178
189,171
117,175
29,75
77,67
113,196
69,79
154,118
143,193
80,61
145,9
71,179
60,70
6,190
98,4
184,85
89,15
12,54
171,188
33,87
100,13
196,0
198,26
24,71
133,67
16,178
12,27
175,176
89,18
142,65
129,27
1,187
127,124
46,13
159,63
81,80
28,54
161,80
73,14
34,181
9,114
125,13
103,171
65,132
132,58
18,110
56,94
123,193
97,109
185,4
151,50
193,80
15,76
34,196
152,26
137,38
159,49
137,53
147,184
110,17
193,89
174,4
191,79
42,157
116,79
108,142
105,194
34,83
158,25
61,5
2,87
54,161
88,16
166,6
187,122
188,89
64,45
166,88
104,99
41,9
40,4
88,134
78,105
49,186
145,88
11,93
23,134
172,168
181,129
132,30
1,7
8,35
148,38
107,85
72,146
74,137
192,147
134,0
158,122
31,21
116,88
142,94
98,68
85,102
70,3
143,113
45,77
104,97
24,118
58,130
10,15
61,136
24,113
198,146
52,157
126,21
104,129
73,78
57,31
44,78
158,70
45,41
4,69
7,152
106,46
48,174
110,100
92,22
128,21
160,50
138,86
54,101
76,199
185,116
192,98
168,52
68,23
179,78
23,117
13,145
143,30
90,128
159,75
2,30
160,105
30,26
99,54
81,138
55,15
31,95
162,142
110,17
139,177
34,13
109,161
94,186
42,147
16,137
126,118
179,10
10,16
107,72
26,153
133,65
184,130
92,23
77,92
142,8
44,140
74,55
13,121
154,191
21,43
45,122
190,61
34,192
113,66
89,125
90,15
78,110
197,69
22,165
195,119
15,123
122,98
110,194
146,117
51,142
27,38
5,160
91,88
29,124
21,53
140,47
160,48
26,5
70,94
116,152
36,154
177,29
142,4
31,130
40,107
188,80
188,112
101,135
118,89
54,0
51,81
95,148
86,42
100,169
16,82
4,137
183,36
11,181
86,44
39,143
53,59
59,136
187,194
195,55
23,100
16,9
186,18
138,33
45,142
161,41
24,27
39,106
65,41
171,96
188,91
182,177
79,46
65,162
7,46
167,112
99,184
21,46
103,145
95,97
188,65
75,8
14,4
1,143
26,61
62,159
99,119
58,72
180,147
125,86
136,160
66,139
198,42
13,54
148,38
63,127
38,14
154,82
152,18
62,28
86,199
10,169
49,74
158,161
22,86
23,126
125,179
70,137
84,32
114,111
97,142
167,130
177,117
87,120
105,106
128,175
53,107
193,185
154,100
78,7
194,168
89,177
18,66
54,143
114,47
72,190
31,144
196,110
121,125
17,185
34,190
55,152
108,154
80,78
45,94
153,35
155,33
5,182
46,140
87,197
144,69
120,93
16,181
167,58
38,128
71,48
28,90
156,66
105,12
31,9
142,95
126,173
140,129
180,165
178,57
88,123
61,57
113,39
198,177
21,180
174,6
107,187
63,17
103,153
55,165
63,5
113,53
139,60
98,36
163,21
79,187
53,130
65,43
161,179
149,35
130,196
124,114
180,54
35,128
149,189
117,41
147,3
0,60
158,114
22,34
140,27
188,92
6,94
133,131
159,170
103,188
108,191
80,58
146,2
116,188
27,147
17,9
160,71
43,160
160,176
70,111
123,194
28,50
80,8
62,110
61,37
188,47
186,135
184,188
99,193
57,104
85,160
181,58
133,55
89,54
57,136
30,183
27,171
19,185
42,6
39,149
61,8
9,117
74,88
194,79
170,0
132,154
176,69
0,97
180,101
1,93
180,178
70,172
154,37
48,118
85,27
1,107
83,146
179,151
188,142
101,125
104,12
64,126
198,196
174,177
62,182
15,19
163,141
189,49
117,188
19,150
101,172
159,56
35,162
161,137
171,88
128,22
45,38
44,47
2,8
194,38
75,4
56,140
19,147
167,189
3,126
106,127
132,164
8,93
23,153
4,182
127,66
197,93
20,158
195,113
37,54
154,150
189,114
43,26
113,166
194,17
63,91
121,136
106,177
160,34
138,143
5,41
55,95
5,161
65,60
37,155
94,199
30,90
146,80
126,63
112,42
38,99
0,38
140,182
137,188
33,160
145,112
101,128
175,89
93,38
181,190
88,198
21,91
95,133
49,74
167,165
190,96
151,154
70,154
185,177
116,79
162,157
50,135
112,93
114,110
184,132
119,159
167,171
196,89
11,173
156,81
51,195
95,169
157,174
78,66
96,199
134,150
43,153
141,108
183,86
176,89
140,171
6,73
67,119
15,153
167,59
0,136
114,159
155,40
164,173
162,48
46,3
107,178
152,118
42,164
54,99
195,35
119,20
163,3
149,113
82,66
48,71
71,58
145,80
162,24
2,176
165,131
139,105
89,29
105,58
198,51
166,139
13,148
188,109
4,3
141,20
103,138
160,151
16,9
143,81
181,159
144,76
183,165
71,135
37,107
99,149
152,92
15,120
55,77
24,179
140,28
147,166
190,99
40,35
110,12
176,25
161,15
21,23
106,39
20,142
10,68
66,164
132,189
70,180
18,42
125,116
198,21
135,48
14,173
168,10
38,127
3,184
196,143
154,129
14,31
41,22
116,133
6,122
148,77
8,144
87,89
116,0
34,81
111,12
27,169
139,8
25,145
21,197
92,161
72,171
162,46
60,22
29,45
1,67
141,57
127,114
70,84
21,164
46,123
94,111
28,181
104,73
191,91
84,127
183,55
90,64
186,172
104,70
136,169
171,171
177,128
96,123
133,56
27,80
87,47
95,132
84,56
182,172
42,164
45,4
61,45
49,3
37,126
173,161
61,164
58,144
154,158
141,0
106,68
166,197
137,3
21,29
143,60
126,58
199,191
121,187
69,106
193,183
101,19
65,103
179,84
35,107
17,119
166,52
71,148
16,183
126,51
144,168
99,98
97,28
166,87
79,198
26,71
106,128
174,3
127,64
122,166
151,114
138,25
35,128
125,109
114,187
69,26
69,61
132,56
78,156
153,24
81,69
42,20
44,28
164,35
91,60
80,189
36,69
18,191
31,86
50,143
165,30
59,196
178,106
124,192
46,50
168,16
134,84
159,4
26,28
185,132
5,192
109,189
127,95
23,178
84,45
24,71
180,159
146,74
37,64
0,84
55,135
83,174
62,30
55,46
68,14
48,27
94,15
150,70
124,119
18,78
80,54
55,90
163,43
81,134
164,178
39,112
113,108
194,135
167,94
177,33
63,84
135,49
27,80
18,25
187,67
47,165
21,14
142,123
180,155
98,164
82,165
8,39
53,132
5,51
143,71
112,51
54,21
8,21
189,179
30,3
195,39
134,87
191,29
3,8
117,164
141,17
65,47
159,40
82,47
143,74
70,92
60,197
9,54
79,159
18,36
20,102
154,121
115,24
194,56
133,72
57,97
125,119
14,92
91,130
148,99
111,115
142,108
74,18
118,63
7,37
171,153
63,35
18,158
191,29
79,51
40,187
133,8
90,164
99,183
68,43
52,74
132,44
109,187
180,144
13,123
80,167
12,124
22,19
7,145
176,166
61,1
12,31
42,50
67,45
106,60
27,170
9,50
107,63
70,190
76,14
48,194
21,102
115,5
50,34
115,171
64,12
136,55
197,139
79,145
114,125
97,154
154,194
160,36
99,191
38,28
133,147
82,187
77,122
57,149
23,90
60,168
4,53
33,153
143,174
7,67
54,99
132,175
75,102
187,90
71,52
193,151
166,130
122,80
177,40
106,49
66,48
144,175
43,12
118,114
104,92
198,62
45,104
104,22
194,181
168,176
157,99
33,65
145,68
15,189
26,130
191,98
18,10
60,124
64,125
175,38
101,50
7,60
190,120
3,93
192,31
108,199
122,167
90,95
119,79
89,139
52,58
16,41
148,121
175,119
3,172
131,146
96,67
50,189
63,41
3,80
35,83
168,121
151,177
43,181
143,130
104,168
48,120
191,184
197,104
20,58
140,11
105,15
121,143
28,59
22,132
14,130
69,53
93,167
97,132
80,10
7,129
104,41
19,144
10,110
134,183
60,128
144,146
110,192
118,189
37,157
167,61
2,90
104,147
81,84
3,140
171,176
10,97
16,199
0,103
135,91
56,196
139,89
134,2
94,65
106,198
24,119
12,12
195,45
125,52
15,171
109,110
186,20
129,13
170,173
14,88
182,53
46,188
99,89
169,177
196,32
161,133
22,71
139,5
148,57
52,24
121,16
97,164
86,112
39,189
195,113
145,156
78,1
26,61
126,162
95,177
22,160
165,158
137,135
144,173
73,147
106,163
145,42
128,178
4,14
124,77
104,132
169,0
69,98
182,19
150,81
95,60
80,30
58,135
27,154
189,2
68,122
34,169
6,197
138,49
42,199
135,175
154,87
28,96
197,134
117,99
136,156
144,122
188,194
100,1
191,163
103,122
134,116
176,46
29,70
105,34
125,21
83,12
76,79
5,160
36,117
6,160
185,77
69,173
150,166
106,3
137,22
30,78
181,107
139,45
43,112
12,88
198,72
196,147
122,19
160,98
156,47
84,137
71,5
20,20
20,163
196,127
65,148
149,125
26,11
97,107
175,3
73,111
45,25
44,179
67,20
47,158
103,73
109,77
61,65
16,66
151,120
28,125
18,82
154,43
109,121
182,69
22,41
164,7
51,195
62,82
7,178
149,186
198,92
87,87
8,150
164,1
15,139
111,9
197,86
159,161
73,113
122,196
115,110
63,37
192,90
176,111
93,182
27,162
144,105
130,70
0,143
71,185
121,22
17,37
133,89
159,190
57,164
112,180
96,184
194,50
40,124
57,28
197,7
104,108
0,126
153,189
93,177
77,43
17,158
140,133
198,176
94,128
23,134
101,73
87,143
155,19
58,139
194,124
47,30
0,1
175,3
76,135
107,170
67,79
12,37
24,74
136,40
89,34
79,161
31,20
64,82
178,158
167,127
188,8
181,78
178,81
161,61
179,178
123,188
100,53
65,55
167,57
51,147
61,68
114,66
112,24
125,37
49,150
15,107
165,2
137,143
159,122
105,49
95,80
21,109
37,173
90,169
176,7
129,29
197,173
143,39
111,70
196,5
27,44
133,34
117,107
197,3
60,163
29,163
33,141
111,5
91,131
164,10
125,43
171,86
189,23
9,83
10,164
22,131
28,54
47,171
161,137
173,174
121,24
100,28
72,40
69,53
115,166
165,80
187,63
66,108
136,113
145,14
140,161
52,40
109,101
90,61
11,122
18,29
45,89
172,188
185,106
193,4
189,136
130,101
163,12
196,135
67,7
193,184
124,187
126,91
24,165
153,130
108,4
107,124
136,187
104,190
172,2
121,92
117,125
150,89
168,98
173,21
82,91
189,40
98,38
79,36
40,172
102,51
108,193
13,48
82,58
38,83
185,124
166,61
6,81
102,29
88,60
0,39
7,11
37,13
14,121
143,190
139,165
2,111
75,39
118,118
172,42
142,34
21,56
60,138
157,23
102,135
54,58
98,100
76,35
170,35
169,197
187,169
15,23
76,94
197,32
141,71
129,68
68,10
105,117
198,24
19,195
63,115
155,68
29,157
184,184
123,2
96,85
138,70
53,65
160,100
199,70
158,190
112,66
30,169
165,91
136,162
71,162
168,145
124,184
100,160
155,192
146,69
147,94
195,2
127,183
34,109
165,198
128,121
15,187
106,140
181,194
31,66
135,19
116,69
21,64
151,162
52,57
117,171
79,197
45,71
48,55
74,89
194,120
37,12
152,25
14,101
36,132
21,97
86,75
144,25
64,72
189,165
120,94
25,150
192,186
174,176
76,64
68,50
196,100
120,60
93,121
162,95
51,62
98,19
148,46
13,171
94,55
18,153
116,78
56,44
183,182
105,106
16,88
157,199
63,20
88,194
35,36
173,99
23,89
173,54
148,17
64,166
144,149
105,120
198,5
48,180
123,172
106,49
162,150
15,177
118,102
19,154
8,199
27,53
90,165
27,148
151,135
159,172
152,185
68,105
144,20
129,123
166,0
20,27
112,168
159,74
6,75
147,95
52,173
158,126
180,196
177,143
172,64
89,118
3,57
181,159
50,5
36,64
151,34
195,93
46,58
46,168
78,72
170,188
160,165
68,180
119,185
8,33
167,17
39,57
140,0
129,185
14,169
160,181
23,17
87,84
9,121
40,8
144,15
9,112
123,27
60,174
178,150
45,19
114,121
97,117
162,62
9,187
131,145
167,99
90,123
75,154
123,152
55,136
107,70
73,12
187,102
77,174
117,128
120,14
11,172
161,135
189,127
56,37
171,199
13,24
37,9
54,124
49,161
16,146
144,100
69,75
162,87
92,160
94,145
161,88
48,177
155,104
160,59
27,191
56,53
136,136
28,28
174,187
3,88
24,107
84,136
113,41
34,59
31,126
112,33
153,63
60,64
49,122
144,177
175,75
164,165
160,44
13,141
38,52
41,31
25,98
132,54
72,16
99,3
34,149
177,31
40,25
24,192
22,6
60,152
106,26
183,83
136,112
65,99
21,11
163,86
16,92
72,177
17,88
97,127
137,188
150,95
95,84
73,139
106,65
161,10
110,182
16,69
32,191
54,128
125,189
60,104
81,0
162,140
144,17
78,171
0,154
100,82
140,93
163,62
123,138
188,179
125,179
193,134
122,46
180,191
73,188
89,160
2,110
141,34
74,174
27,109
36,106
64,59
171,164
128,157
59,54
49,7
18,161
28,181
175,197
82,32
41,176
82,162
21,155
143,31
81,181
55,60
175,28
12,73
170,169
164,128
10,154
35,39
126,37
13,14
181,110
103,40
106,52
134,111
153,26
44,7
26,86
154,111
68,98
50,12
149,37
84,183
70,65
153,147
187,24
14,48
136,160
69,99
187,56
191,198
78,47
183,73
106,51
95,153
20,62
186,2
124,125
73,79
133,55
109,142
175,159
152,107
1,125
92,60
1,31
152,15
137,170
73,118
58,148
4,2
39,86
27,11
127,89
2,51
172,121
137,44
162,113
132,12
4,137
78,138
46,105
122,193
99,31
37,63
15,53
53,191
30,15
78,174
20,137
2,26
174,187
37,117
156,80
31,157
89,123
16,51
104,7
9,31
146,13
124,58
102,175
141,167
121,21
23,179
22,155
191,72
183,111
18,169
84,42
98,17
142,124
177,52
51,132
52,135
173,80
22,159
14,158
103,73
26,101
187,140
153,84
1,151
60,48
131,0
45,2
151,62
65,52
169,194
80,24
0,170
81,177
113,177
55,82
159,127
27,3
15,56
81,77
140,63
190,112
56,104
150,4
143,73
189,67
195,1
90,108
11,124
63,171
56,169
117,167
110,80
169,31
10,85
67,174
77,55
39,77
56,30
60,73
196,60
103,93
38,13
31,157
153,30
169,51
191,153
100,194
158,181
47,184
72,49
67,35
17,142
143,73
44,25
55,50
168,187
166,131
107,48
177,1
20,81
112,23
189,95
152,139
165,96
118,94
171,113
131,31
71,156
40,168
172,159
52,199
182,173
183,66
63,117
123,58
148,159
77,70
188,29
116,150
117,192
8,183
198,36
112,16
124,186
196,139
90,88
157,68
56,65
122,64
114,124
176,9
80,81
193,51
87,22
172,112
27,71
21,64
45,171
53,163
78,153
97,122
63,124
121,115
169,100
83,105
114,148
33,140
190,148
173,198
199,198
157,143
159,96
174,107
71,26
60,44
34,131
138,88
104,80
24,50
155,124
93,7
121,41
11,1
27,175
123,11
105,7
110,28
100,170
47,107
141,45
45,199
131,85
131,52
124,136
130,176
52,111
5,22
36,52
84,129
47,193
24,24
50,90
162,13
93,143
14,65
40,161
136,45
110,87
39,63
66,83
36,48
108,12
77,25
14,99
32,144
130,14
31,123
166,0
108,120
106,31
46,10
15,135
146,189
19,28
151,97
4,192
100,107
181,180
50,20
68,15
19,108
113,102
130,44
157,111
197,77
75,192
170,163
138,65
180,61
192,127
118,186
135,168
18,191
145,158
105,66
123,97
192,16
76,163
121,101
84,23
71,142
44,186
169,112
151,30
40,37
1,78
163,168
18,130
21,81
5,125
183,100
7,56
59,59
162,14
105,30
72,196
32,162
198,101
14,172
126,123
70,133
25,22
198,137
187,50
74,138
171,44
162,93
45,83
186,146
105,76
129,123
181,54
36,163
14,115
41,40
33,158
139,53
22,58
64,58
128,71
50,111
92,194
116,156
64,2
89,125
19,41
58,32
104,151
173,91
0,167
181,185
43,182
153,127
186,18
151,23
137,114
133,97
48,34
185,74
153,137
96,49
150,137
141,181
32,127
6,154
87,115
2,22
189,194
158,193
75,71
163,114
162,196
140,11
106,11
146,57
14,122
111,88
28,117
40,4
99,154
147,9
61,155
16,107
111,73
107,142
164,91
45,3
30,24
71,0
39,59
2,77
25,82
145,18
76,29
42,77
19,52
157,73
165,77
163,1
183,121
89,28
34,23
184,159
131,177
127,152
82,39
19,87
188,66
154,8
172,122
21,26
57,15
173,47
140,36
26,87
147,15
138,104
164,198
93,97
103,34
94,131
26,56
134,21
44,189
158,154
104,150
196,96
115,28
13,111
136,153
59,180
64,71
33,113
169,42
12,160
15,183
161,73
107,55
108,23
123,145
151,160
113,81
68,57
131,62
84,29
44,106
78,66
76,9
96,111
46,122
188,152
178,15
132,129
18,133
25,5
147,50
131,22
147,0
162,67
36,121
170,185
65,72
40,110
195,194
35,142
74,104
91,137
37,26
74,95
86,99
64,11
169,87
11,83
28,58
19,152
35,39
2,195
51,66
135,13
94,111
66,185
184,91
194,131
67,141
125,38
63,99
75,175
14,140
92,2
33,97
162,133
159,194
110,129
127,15
63,192
25,164
71,113
1,16
54,153
138,13
10,177
21,139
184,180
162,73
185,42
63,137
171,71
22,90
136,20
165,61
98,51
88,73
43,52
58,160
10,126
120,136
81,173
62,9
154,99
83,152
48,198
17,130
168,146
89,94
109,94
74,184
176,72
179,74
0,72
30,64
76,24
7,93
26,19
184,65
154,135
124,51
59,147
173,9
168,155
146,123
107,166
181,79
91,111
98,49
103,165
18,192
94,176
186,45
110,61
45,73
130,155
95,165
116,57
30,138
155,36
18,135
105,47
135,111
183,126
187,76
58,195
150,6
92,78
197,15
140,153
74,61
120,27
42,140
4,39
102,30
110,0
40,29
45,36
113,106
172,133
149,198
163,23
127,61
48,37
170,115
129,42
50,35
74,170
83,44
26,41
11,145
58,159
147,61
52,188
195,69
139,112
114,148
141,91
2,149
127,62
176,59
86,154
74,26
110,0
125,76
164,188
35,94
187,191
174,97
146,124
199,32
168,47
68,47
32,46
21,91
134,25
161,51
106,125
133,84
100,77
122,33
187,89
3,139
190,154
27,85
197,68
27,67
60,100
63,133
118,89
162,50
156,73
80,154
23,16
65,164
117,141
25,20
194,138
88,47
129,99
199,199
82,83
31,46
4,111
124,182
16,70
110,126
76,114
143,2
188,162
22,61
145,48
22,28
117,70
105,51
174,108
95,111
160,88
90,110
10,49
149,49
80,188
139,181
76,28
94,150
60,5
59,22
18,117
128,115
101,71
121,38
61,15
101,91
164,106
80,143
11,126
164,120
23,141
114,197
121,107
32,77
24,82
52,165
84,39
34,136
141,126
155,191
93,149
24,185
71,43
33,194
102,65
172,8
57,166
89,142
186,173
190,147
47,81
19,160
136,59
21,23
160,61
11,172
144,106
156,30
196,105
97,113
89,54
176,83
39,63
18,45
29,175
95,94
48,169
29,152
19,145
62,32
45,22
116,118
54,111
164,66
57,189
48,53
97,95
196,87
191,166
45,16
127,5
15,14
105,107
38,187
180,141
18,199
163,72
65,106
107,67
55,80
137,5
128,138
29,172
112,125
111,52
119,68
88,164
189,89
123,22
194,119
106,151
82,127
39,10
61,97
192,121
56,45
49,52
155,119
193,104
60,44
179,136
143,133
111,98
102,166
63,112
102,1
151,84
160,105
39,174
102,139
75,196
52,144
138,54
121,4
19,145
154,82
8,49
96,173
9,76
74,171
128,135
54,174
173,186
87,173
113,147
99,78
98,73
94,125
36,27
14,65
134,145
184,23
28,23
25,194
104,87
132,142
62,46
134,143
66,17
13,59
102,159
175,74
66,166
187,98
73,102
17,35
146,18
8,180
142,36
76,51
51,197
138,41
118,146
136,94
141,30
26,3
163,135
188,168
62,18
7,110
126,156
183,14
23,109
144,162
1,50
103,178
103,64
129,187
110,21
50,80
1,63
149,165
115,134
15,66
49,21
36,167
95,70
124,98
159,17
120,37
185,80
55,185
51,50
94,97
192,164
131,175
55,140
76,32
37,99
154,195
135,73
161,64
12,142
124,35
178,59
132,185
43,105
176,44
87,183
172,174
92,11
112,164
107,44
33,71
191,129
96,80
20,193
24,11
164,145
57,62
6,195
147,126
169,20
194,6
78,92
24,104
188,94
86,116
121,3
55,56
127,82
33,9
184,30
117,152
133,3
142,167
29,83
92,29
37,162
17,118
158,54
42,85
47,0
174,1
15,184
157,81
155,13
9,107
68,179
35,153
15,85
5,63
109,147
64,125
13,143
95,15
103,133
9,16
77,149
75,6
91,82
142,53
116,124
117,119
119,82
74,85
42,29
126,163
48,108
76,197
176,135
82,103
182,146
119,100
71,105
183,190
87,113
15,8
127,170
140,24
98,58
143,42
77,0
69,180
115,184
18,181
150,153
170,148
124,169
78,24
5,60
31,68
19,52
44,29
57,102
66,180
86,147
55,101
117,185
71,70
188,193
90,160
134,92
157,144
156,104
29,0
5,99
192,135
147,29
178,132
67,70
54,38
145,170
137,77
77,184
135,50
117,39
184,13
15,92
69,157
8,95
171,94
58,109
99,12
94,26
182,106
17,147
109,45
166,5
191,131
71,99
159,33
156,178
129,27
10,18
4,92
184,25
11,29
61,105
68,88
187,84
119,24
128,134
143,133
98,124
155,0
95,102
75,89
168,165
64,165
179,55
85,94
15,190
61,52
14,0
34,133
14,109
126,145
16,96
153,31
94,130
167,124
89,1
148,137
41,197
15,134
107,33
17,172
103,181
142,169
14,113
101,199
29,55
193,173
113,159
22,68
197,38
160,137
13,199
189,172
194,72
138,177
96,23
133,172
140,43
191,15
116,181
149,107
132,74
108,80
70,128
73,93
160,198
191,125
187,56
10,92
22,148
137,157
43,56
117,153
145,38
5,180
51,154
150,75
164,126
65,154
122,12
15,184
21,121
79,109
127,110
89,44
95,10
77,108
79,145
46,170
16,137
186,108
109,169
104,185
52,61
132,8
22,114
178,137
73,70
131,103
89,2
139,193
188,101
59,33
21,180
97,172
68,50
54,14
180,150
160,138
197,114
121,182
81,0
159,34
150,22
175,65
9,74
59,143
84,50
103,73
161,28
81,63
58,23
24,75
38,104
129,145
51,165
15,99
69,84
158,6
118,100
26,101
177,47
94,37
82,104
94,76
96,153
75,170
196,173
198,85
121,186
53,26
28,159
7,129
124,29
192,180
9,131
24,134
153,104
104,132
108,86
183,9
105,102
55,122
114,67
89,115
132,15
24,120
187,133
176,3
64,82
111,5
30,78
23,2
187,10
191,134
2,79
191,106
99,14
187,85
149,130
160,51
96,197
118,120
185,96
125,135
6,132
41,106
31,56
110,52
110,127
87,24
73,170
169,44
111,107
162,121
96,118
70,56
143,30
152,122
21,24
159,89
25,62
73,168
55,106
23,161
182,151
8,56
73,199
7,82
135,118
169,70
107,8
146,159
194,120
182,46
25,30
11,124
10,169
28,71
150,71
102,129
79,155
86,116
129,162
179,29
188,121
3,56
4,4
35,119
75,24
164,112
165,59
115,106
70,115
165,58
190,35
147,137
186,109
61,120
47,84
73,21
86,35
102,192
84,1
94,79
26,122
197,196
54,109
41,198
39,146
161,142
163,173
154,50
47,3
3,93
164,47
173,73
84,185
52,65
27,160
123,39
73,191
182,68
186,17
11,181
163,121
122,119
62,171
164,19
35,178
47,36
115,67
63,99
189,98
78,65
198,157
10,43
41,87
137,49
24,138
155,35
60,130
134,161
66,51
140,75
29,178
117,31
51,65
43,141
45,123
68,38
16,183
80,173
182,119
25,123
141,1
68,89
133,68
146,15
6,177
109,39
171,127
50,187
30,73
52,139
102,83
117,91
68,68
89,36
95,80
184,140
81,72
194,73
83,99
189,151
152,135
193,12
171,35
48,116
43,142
148,112
2,184
87,112
115,112
154,52
114,45
36,33
58,113
150,53
196,44
176,177
117,134
126,113
109,158
102,123
12,38
48,78
107,111
22,129
54,133
143,7
144,37
187,133
17,72
180,70
66,30
104,57
40,173
25,75
161,103
102,156
182,127
108,106
119,145
125,155
47,135
151,39
3,15
38,151
22,192
154,153
101,171
19,10
53,1
147,55
121,146
134,179
41,114
79,81
104,83
32,23
42,58
120,158
120,157
142,11
84,66
153,101
181,7
13,5
140,151
171,113
36,186
52,163
57,79
51,199
107,165
147,2
119,167
67,119
179,174
123,149
145,57
32,101
23,112
16,155
129,179
188,57
42,118
14,151
183,169
179,7
67,50
1,116
179,14
156,10
43,143
132,29
197,184
60,11
178,95
39,102
85,152
115,28
14,55
169,82
102,166
198,149
6,14
79,126
8,61
177,76
76,150
117,42
94,155
190,135
72,168
78,88
167,64
120,182
100,8
97,38
189,166
46,28
129,44
121,34
128,85
120,83
8,30
117,76
78,198
116,37
2,175
31,97
101,84
140,168
122,193
41,162
192,29
116,118
58,88
57,13
195,27
77,178
163,196
43,61
106,135
74,157
192,95
79,149
21,176
143,40
154,149
193,170
31,26
72,194
5,89
26,71
48,98
27,185
31,85
35,91
45,182
20,149
44,54
57,1
105,99
190,12
154,192
132,178
197,27
88,66
158,38
152,179
111,4
191,42
2,165
34,60
70,0
184,37
35,137
114,165
130,119
109,187
189,100
1,151
107,158
95,55
99,154
10,176
181,63
92,195
91,30
155,21
187,104
190,193
37,118
10,39
131,140
6,4
192,38
76,182
139,5
77,69
190,59
197,63
55,43
160,56
110,39
73,179
15,78
138,45
99,103
63,126
142,62
148,114
112,112
89,60
63,8
77,82
56,50
171,168
184,51
0,193
49,136
103,32
104,133
40,61
191,94
36,63
88,159
193,193
76,108
141,19
85,22
131,47
165,188
100,12
169,30
10,146
162,132
67,83
177,167
51,86
136,132
63,109
139,104
196,152
169,154
164,143
168,80
192,42
140,92
29,199
137,144
97,82
49,121
50,161
106,112
140,192
68,139
94,50
62,10
70,139
158,189
171,145
56,198
17,126
158,189
42,174
33,151
128,159
58,117
195,22
30,123
102,161
111,30
92,111
147,159
123,55
193,68
27,195
141,7
181,197
163,0
172,190
95,63
28,86
46,122
170,49
126,4
138,117
113,72
149,83
161,144
159,37
28,65
44,37
2,49
75,106
17,31
176,83
92,129
20,112
134,141
54,167
157,60
83,98
143,25
60,37
152,189
120,186
181,68
153,68
134,153
27,154
27,29
11,57
146,7
115,30
132,31
185,46
94,86
15,179
75,113
118,34
38,189
97,171
174,125
182,6
161,94
44,55
139,2
60,83
133,74
55,53
159,79
164,197
196,166
3,181
173,45
102,179
61,110
199,12
12,39
196,72
89,111
177,76
133,32
138,55
23,128
27,179
135,187
65,166
44,166
2,106
49,79
187,172
38,107
183,53
47,1
47,128
101,21
87,171
0,181
95,191
16,44
185,125
108,70
107,173
84,97
81,57
152,163
59,149
144,196
1,103
109,85
54,63
169,28
151,106
3,84
40,25
177,88
171,117
76,92
110,83
62,149
45,93
142,15
170,59
11,167
84,178
26,157
81,73
31,138
117,172
18,23
115,116
189,37
89,107
95,171
100,62
25,127
36,28
85,8
29,31
114,20
158,33
111,196
183,91
176,80
18,166
95,187
29,52
159,194
151,115
134,144
94,12
52,16
175,86
188,56
83,116
11,188
9,164
163,60
98,28
27,195
50,8
191,172
46,182
108,5
86,109
85,82
103,92
145,46
177,192
124,171
127,188
69,58
97,83
87,32
173,107
16,197
65,24
90,169
55,26
102,118
51,87
6,56
138,82
76,9
84,41
93,101
3,135
139,126
98,132
196,93
109,83
84,22
78,30
83,18
134,105
187,42
64,87
33,90
53,149
137,186
27,11
98,124
124,190
71,90
41,162
63,83
55,136
99,25
115,69
68,120
23,73
27,157
87,169
68,39
136,81
50,180
74,171
195,151
43,172
68,37
86,68
106,118
71,68
168,187
62,188
32,29
170,110
54,188
166,140
187,103
119,56
169,40
97,89
139,34
37,47
146,45
54,130
100,101
51,169
160,4
116,138
95,165
114,94
195,90
87,25
57,159
188,89
7,17
7,60
132,120
97,62
179,192
177,96
162,40
123,130
198,100
64,187
34,63
39,84
82,6
24,176
120,67
53,81
30,9
81,33
94,103
136,49
163,144
34,163
51,71
190,102
25,190
86,191
165,126
18,77
93,5
85,189
37,125
56,11
115,32
152,140
154,99
96,177
63,108
145,102
96,197
92,155
181,144
137,127
4,141
195,107
174,58
101,39
184,8
126,49
60,31
195,150
6,174
106,126
13,141
45,29
103,139
185,6
108,163
40,95
22,51
187,77
27,49
157,96
106,117
11,199
10,131
125,98
176,9
41,52
31,90
3,135
158,133
49,95
24,28
69,41
18,169
92,107
19,132
156,63
84,63
194,50
162,157
15,88
63,17
54,60
190,90
23,144
8,11
83,84
41,122
38,120
138,134
178,12
90,2
117,65
107,181
37,40
23,123
51,145
21,60
50,99
179,51
60,150
178,158
133,199
164,46
186,66
64,147
40,179
195,106
65,133
34,188
82,36
30,135
150,0
159,68
197,80
129,120
131,148
31,88
190,147
31,21
199,52
83,189
133,23
131,152
36,121
23,124
43,19
165,106
109,60
160,108
195,191
130,130
26,180
166,29
134,89
115,146
57,177
77,107
169,124
48,188
49,111
146,20
126,93
108,64
94,37
177,42
19,124
100,188
92,162
80,108
120,189
34,114
75,56
51,199
23,120
183,75
175,185
76,97
14,150
80,195
57,158
111,8
14,91
150,78
175,151
31,159
75,105
142,50
166,171
80,129
157,17
60,181
155,95
55,189
23,104
173,109
180,140
2,195
113,96
99,61
89,50
106,132
123,140
181,77
38,9
97,142
51,19
32,14
157,100
8,153
37,138
143,42
107,37
93,119
95,76
130,177
117,110
11,67
142,2
107,119
16,145
11,147
91,118
179,178
107,197
159,180
35,123
153,58
169,90
31,176
38,34
118,52
112,103
115,107
18,1
118,68
18,145
9,93
76,27
145,78
113,195
120,195
15,26
194,89
91,148
112,12
181,107
128,81
101,178
11,65
194,19
171,161
136,130
106,11
185,167
127,122
91,198
169,43
193,20
159,89
32,180
184,128
197,156
146,92
196,24
99,69
4,12
198,58
143,39
56,85
59,139
137,2
27,143
94,160
18,6
128,181
29,187
108,126
157,167
44,9
160,182
41,173
181,155
25,180
95,54
162,124
51,1
186,33
131,112
36,11
74,70
52,51
138,164
109,61
73,170
21,60
171,108
188,93
67,157
159,141
113,124
137,117
49,120
124,59
120,43
155,39
106,19
135,74
137,143
34,26
56,119
145,98
169,17
133,64
24,34
130,99
19,174
169,88
48,93
13,68
123,130
105,164
74,100
176,171
106,180
98,20
123,191
163,197
11,28
149,21
109,47
56,177
66,144
60,118
170,90
94,51
51,123
38,140
7,139
162,69
0,60
67,177
106,167
22,140
128,15
141,78
43,55
25,178
77,75
54,57
186,43
70,61
85,51
36,121
184,160
133,89
183,128
78,12
83,120
35,87
105,0
176,48
127,163
94,109
101,190
116,137
115,115
80,119
108,117
195,84
165,72
116,55
156,6
35,131
10,162
166,53
118,51
12,10
119,56
42,136
127,108
3,151
75,177
52,144
33,123
23,176
137,111
32,174
130,94
52,68
37,53
3,149
135,105
127,79
167,75
180,133
11,92
197,123
71,37
150,63
146,119
34,74
39,48
90,15
154,182
86,30
173,76
58,179
71,124
3,55
189,130
150,71
104,56
84,152
15,31
20,170
157,175
24,191
156,11
194,39
170,29
169,191
90,193
7,157
128,9
30,11
142,10
189,180
23,183
97,106
139,198
131,142
66,82
140,65
18,165
141,190
161,163
52,108
119,57
142,76
5,114
195,101
102,78
102,46
186,65
25,163
189,105
146,97
123,30
171,78
195,126
179,29
74,77
124,107
156,58
180,74
86,56
120,171
18,21
32,126
4,28
151,115
3,94
168,104
132,65
2,89
144,71
130,160
104,155
50,169
87,179
8,114
24,97
176,79
60,86
136,155
166,104
87,139
92,189
29,183
108,140
187,99
153,103
140,29
47,161
110,73
132,152
38,91
53,12
29,101
145,64
103,98
122,131
111,26
34,154
161,189
78,44
97,191
55,81
92,108
5,182
126,146
30,101
105,152
65,152
103,143
189,198
35,113
8,128
114,103
66,48
73,55
61,71
64,155
92,171
3,187
103,8
133,13
41,29
59,18
59,11
136,196
80,132
36,47
61,115
0,118
109,140
57,64
144,38
110,180
182,16
131,199
2,6
122,168
20,173
77,158
158,152
71,182
18,158
175,138
84,76
25,25
11,156
80,158
84,46
41,89
119,95
117,68
22,85
118,53
4,6
45,158
196,194
179,180
50,62
74,29
108,80
76,47
42,64
0,41
109,21
136,32
177,144
13,191
2,93
65,54
116,179
174,24
88,33
121,110
107,78
154,48
34,59
75,102
184,30
98,74
182,25
20,53
7,124
128,168
133,169
159,56
59,89
72,101
154,70
96,88
138,10
29,127
84,170
198,196
84,4
114,122
169,45
4,53
37,59
70,2
1,121
177,37
26,29
85,132
143,132
185,144
139,122
82,163
47,80
74,87
157,136
147,145
49,129
131,123
21,164
32,128
167,60
9,80
51,179
62,11
166,132
142,102
9,170
53,142
17,97
36,111
191,78
55,15
100,17
94,27
41,194
87,26
70,133
198,142
165,144
121,196
135,110
65,60
43,144
171,33
188,197
107,40
78,94
37,44
69,160
163,173
18,97
95,23
180,176
131,15
93,189
15,39
60,130
74,54
21,110
18,154
124,165
31,67
183,22
64,104
108,29
126,23
91,73
11,180
199,197
75,56
164,171
187,178
194,85
144,43
6,26
156,188
107,154
49,167
70,138
190,18
10,63
54,97
25,98
152,142
141,166
119,151
14,175
110,111
198,113
130,71
172,121
93,104
163,87
64,33
180,137
108,120
162,171
60,170
124,110
172,87
39,157
103,26
138,2
186,150
56,84
107,34
37,87
69,55
79,188
107,86
22,81
56,59
95,168
36,67
24,184
1,163
103,102
63,156
183,124
32,162
193,160
132,24
158,83
38,46
45,4
65,74
170,28
126,176
35,44
34,50
53,25
198,34
0,118
83,37
29,29
124,31
18,67
9,52
6,28
134,54
137,16
123,80
171,42
167,97
60,66
75,74
195,112
55,166
108,78
92,152
94,152
69,193
35,28
194,164
131,158
92,138
162,66
165,86
118,15
88,79
28,122
90,83
106,167
71,171
127,59
79,100
30,23
50,51
34,111
197,11
54,158
68,123
122,176
93,159
12,142
128,65
125,58
125,43
115,179
101,84
172,165
133,152
99,110
110,70
50,11
107,171
126,56
136,63
182,196
46,96
39,101
139,36
42,165
94,16
101,78
132,99
113,151
94,5
143,110
186,170
61,111
13,164
132,89
59,151
34,187
158,81
90,131
150,74
124,198
189,173
122,19
170,155
36,47
84,197
120,158
99,132
152,14
82,71
193,133
180,155
11,55
47,146
159,187
168,48
171,113
157,160
60,21
114,187
21,157
174,68
61,191
84,33
11,64
9,162
140,175
47,2
193,92
99,153
112,174
127,93
139,12
163,72
32,37
132,82
66,74
88,137
144,131
45,6
151,172
193,138
51,5
92,123
197,38
112,193
154,166
60,114
169,86
85,125
91,25
187,126
168,51
182,197
166,135
132,59
100,83
180,196
68,53
103,109
69,41
137,189
61,191
76,171
26,15
150,58
160,28
30,109
46,189
174,157
90,51
49,92
15,124
25,17
6,130
55,90
89,59
5,2
165,124
33,193
178,161
98,39
151,155
185,169
49,186
199,43
169,170
38,43
49,64
59,50
183,1
24,33
19,121
153,104
140,6
115,157
31,100
137,91
141,22
194,29
193,7
159,94
168,80
64,67
174,17
28,33
121,151
31,32
177,79
77,6
7,81
170,18
135,198
52,178
169,41
66,2
150,157
116,119
130,187
173,155
172,86
196,54
142,126
56,157
91,64
125,37
18,127
152,124
47,142
31,189
175,79
44,141
161,126
150,12
7,179
194,25
16,38
4,59
195,132
107,9
178,42
1,115
60,161
14,172
121,104
54,173
91,8
47,171
129,86
145,30
118,26
11,2
172,33
134,74
47,157
118,114
192,19
0,53
94,64
181,146
153,38
172,141
107,128
194,31
42,148
159,103
192,53
145,151
145,148
172,4
31,125
191,118
193,106
159,129
188,58
84,141
189,177
104,95
87,22
161,162
36,71
110,196
121,16
49,135
190,5
65,59
113,95
60,74
9,137
146,44
122,121
36,169
98,72
73,98
11,98
111,187
166,13
23,49
40,83
113,75
73,138
86,15
107,24
176,49
100,50
14,66
58,46
158,60
27,35
42,46
49,109
194,128
66,48
70,156
37,128
105,27
135,128
154,1
136,181
62,77
124,83
174,28
110,147
192,92
134,129
170,131
199,27
96,142
7,171
87,14
155,161
156,196
115,166
78,55
1,93
38,7
45,176
157,105
190,127
68,99
30,110
85,70
61,78
53,22
74,41
116,75
74,44
74,27
188,75
149,92
29,86
80,196
194,65
140,10
33,72
157,180
167,150
147,82
34,16
46,40
26,89
189,81
173,104
103,132
72,162
4,21
175,81
91,20
9,197
145,54
68,3
165,138
51,197
150,10
93,36
59,5
197,119
23,35
115,56
138,48
102,99
151,92
109,167
38,84
145,30
111,80
113,70
96,103
89,156
76,50
103,198
154,47
183,110
122,123
60,171
53,165
70,120
76,165
37,129
2,21
36,96
33,48
81,107
15,2
183,26
76,96
41,72
197,125
172,27
99,148
102,147
63,35
18,132
136,192
161,70
58,34
67,179
30,189
187,62
123,130
12,181
109,123
191,161
7,99
170,96
77,189
142,56
170,186
195,115
26,183
68,102
140,73
59,124
25,95
50,73
27,111
42,121
128,98
111,43
18,17
58,98
116,143
130,74
144,144
68,66
173,157
133,132
154,47
139,134
116,137
152,41
115,133
91,124
195,73
131,126
11,70
173,32
19,14
64,92
87,92
132,47
163,128
31,90
158,174
120,178
141,140
51,23
77,76
98,27
106,59
88,140
182,151
11,125
163,199
93,138
12,43
32,143
104,108
164,127
60,162
59,3
142,196
49,103
108,70
199,189
89,36
91,104
32,113
148,182
123,53
97,173
48,174
62,192
23,57
91,125
163,4
52,198
165,98
120,199
100,144
149,105
2,195
131,60
126,155
29,69
47,183
156,124
162,59
157,179
0,176
149,3
109,120
171,121
35,16
68,46
80,35
130,171
85,22
52,130
19,5
141,59
112,20
66,132
48,36
127,47
179,15
151,198
24,85
192,59
100,55
57,183
96,125
112,121
179,13
61,160
191,97
31,73
1,158
72,4
15,87
81,171
198,141
132,42
149,1
25,41
85,20
68,98
99,75
143,101
160,189
11,35
63,148
114,170
41,31
196,20
93,129
171,67
24,99
194,4
154,24
155,59
146,125
82,3
105,160
85,173
129,170
129,150
93,35
50,122
126,12
116,29
143,86
149,132
25,182
124,133
18,88
70,147
172,138
71,77
21,9
191,148
30,109
98,97
89,168
48,162
90,171
96,68
193,24
125,111
16,186
169,137
136,23
50,169
145,188
145,102
109,179
187,4
45,161
61,64
80,150
76,147
104,107
69,64
3,90
196,87
181,100
120,132
161,30
91,65
109,13
185,148
157,18
176,122
160,43
73,56
120,90
136,105
21,49
121,127
53,133
150,78
151,65
76,152
32,53
45,161
82,149
148,166
93,104
128,115
35,170
56,108
102,135
118,167
159,66
59,187
131,122
125,0
154,184
115,177
73,188
12,56
80,105
5,32
149,132
166,184
142,76
198,32
99,148
49,126
196,180
129,110
58,173
11,194
67,25
140,72
23,188
20,133
111,6
46,132
113,179
141,71
108,165
120,19
155,75
19,115
76,92
82,93
118,186
131,186
169,76
84,44
192,131
64,98
58,166
77,110
53,26
107,112
113,187
174,108
124,36
143,19
141,122
165,135
34,74
191,145
183,109
57,168
86,111
52,157
74,150
11,69
103,46
175,199
171,150
48,62
74,144
31,195
76,82
164,187
172,27
183,127
1,53
93,163
45,97
91,13
80,180
157,189
104,0
28,172
29,164
95,48
151,174
47,139
121,61
174,162
144,19
96,14
103,165
171,13
47,108
170,151
51,106
196,90
174,47
54,127
90,96
64,131
161,36
195,48
173,68
53,74
78,141
15,193
48,130
172,178
38,129
119,64
185,180
135,195
174,124
82,185
161,66
104,180
164,61
40,124
112,56
95,3
100,163
147,24
162,77
94,78
66,184
121,20
197,179
94,184
57,106
15,68
120,36
195,190
123,97
83,79
15,140
167,185
146,63
59,140
13,71
101,72
180,73
30,96
20,174
130,59
31,11
49,30
139,144
41,51
170,198
127,41
190,190
163,97
7,103
61,36
11,135
77,112
27,126
169,130
197,173
85,6
79,71
122,15
195,160
116,50
90,37
161,9
74,139
139,186
94,119
10,187
150,92
89,47
124,54
26,151
150,21
19,83
166,120
46,55
13,81
129,103
177,19
123,75
21,167
197,14
178,149
63,54
70,192
74,157
150,100
99,51
78,89
94,79
158,13
70,72
61,117
179,87
176,33
191,181
165,21
20,162
48,196
113,166
54,100
132,183
192,103
3,180
103,22
88,152
133,142
170,88
103,139
161,77
5,52
122,132
176,106
33,116
6,164
26,99
138,1
158,106
44,96
107,106
170,28
144,69
53,98
136,192
130,68
52,1
154,27
104,30
197,127
47,169
159,158
95,183
20,111
120,25
170,52
122,87
110,51
76,110
168,154
109,30
81,173
141,100
50,14
137,59
87,171
66,70
79,63
149,2
169,188
66,124
49,10
149,43
44,111
89,116
149,106
157,20
90,9
155,153
82,81
163,127
69,21
85,46
39,84
76,170
130,155
45,157
3,94
157,15
115,179
57,94
46,45
178,111
118,197
69,47
107,176
56,2
166,21
5,64
22,194
16,185
171,3
173,121
168,21
61,149
129,72
142,46
73,13
37,158
129,58
98,68
126,50
26,102
88,46
176,164
23,193
73,14
43,11
6,196
127,9
143,70
156,189
167,51
4,144
169,93
66,146
115,98
57,144
8,183
54,125
92,132
5,81
97,169
32,40
108,109
85,30
10,169
3,23
84,159
44,144
54,83
180,20
191,135
134,64
156,69
181,33
84,3
178,0
152,11
117,193
173,74
54,49
89,177
156,109
9,54
65,135
90,133
12,162
154,40
134,161
6,187
54,116
43,14
89,131
169,49
167,18
101,181
129,170
13,139
94,28
84,81
99,53
173,46
90,23
6,122
85,137
40,164
148,116
96,157
149,67
79,121
197,86
35,96
59,55
86,129
104,15
39,127
29,187
175,115
195,98
22,20
61,19
46,155
24,72
137,32
178,53
23,2
60,1
21,171
91,24
48,171
65,67
142,166
66,99
54,136
25,196
183,142
192,134
51,171
73,136
70,33
88,33
65,115
21,23
97,149
146,49
167,121
160,41
18,142
189,77
127,180
111,103
13,25
23,189
85,52
15,28
71,101
65,82
121,155
85,188
150,50
114,99
84,15
5,95
51,149
67,51
35,62
160,93
48,173
6,18
89,48
149,43
118,68
191,34
115,79
20,135
161,186
6,127
146,142
2,163
12,199
81,198
161,1
25,155
141,24
114,65
128,1
131,112
97,195
14,102
160,16
140,21
111,132
94,68
86,81
145,190
30,119
89,153
25,82
78,5
163,143
175,106
5,109
80,164
6,155
119,47
6,22
125,41
177,105
83,150
112,72
32,85
77,92
81,166
62,114
30,25
162,67
14,14
73,8
199,88
120,22
56,126
108,131
72,87
104,49
176,57
101,62
111,126
87,14
57,103
145,120
111,186
4,160
141,131
39,41
90,160
75,111
120,194
67,108
0,24
173,71
29,71
183,61
173,187
62,12
53,72
32,176
80,54
191,142
194,37
174,197
188,13
165,13
72,11
30,107
13,36
70,100
198,62
50,12
175,101
79,196
193,199
10,36
180,146
27,112
184,108
146,180
140,103
192,128
86,74
177,181
123,30
121,98
114,55
187,120
8,96
107,131
22,96
7,139
117,57
76,93
17,118
40,162
178,64
98,175
21,140
174,109
5,105
77,169
43,166
124,175
74,181
191,122
108,114
92,95
127,24
36,89
132,193
162,149
109,59
54,133
7,175
100,199
172,192
181,16
45,129
173,79
5,98
117,130
30,141
84,100
19,199
38,57
130,137
4,7
38,190
14,77
122,120
108,33
95,68
143,83
70,168
25,94
181,139
88,40
163,116
122,45
143,74
125,109
119,19
120,147
5,23
153,193
48,30
130,46
185,130
150,164
171,64
89,187
72,39
157,72
103,160
147,14
41,163
177,105
134,192
40,162
93,88
24,19
98,147
187,100
122,174
113,130
54,166
146,91
138,141
116,94
2,10
30,122
99,3
89,155
110,129
94,10
7,2
46,157
116,24
83,194
73,173
121,166
23,66
41,134
24,174
64,127
193,56
105,53
159,46
4,140
187,146
59,57
167,31
161,72
79,75
58,67
30,0
138,150
132,10
159,172
96,115
39,150
61,62
111,138
27,68
153,167
27,126
126,172
154,38
38,147
76,172
32,104
71,18
142,170
132,90
12,3
97,19
51,23
107,98
92,93
149,69
67,119
63,93
169,0
185,177
108,104
113,90
20,196
193,28
158,128
81,37
186,122
34,196
35,45
78,61
164,4
139,14
113,45
32,77
19,125
89,144
193,112
106,45
55,129
44,19
31,161
52,68
81,46
176,37
166,176
76,75
119,63
180,195
44,121
3,151
19,182
143,141
6,92
196,94
83,195
72,179
107,118
126,136
126,3
11,74
100,4
0,24
20,194
90,158
0,112
46,31
70,44
159,70
141,114
137,17
139,4
138,113
102,5
107,147
170,94
28,14
42,40
148,125
21,58
130,160
134,22
55,60
40,91
85,153
192,187
186,157
143,163
149,152
48,165
3,157
189,177
197,184
136,168
130,159
167,154
103,172
67,101
184,50
29,171
95,9
108,78
126,172
146,38
187,74
83,4
138,64
57,111
79,80
108,32
28,121
43,53
196,86
38,177
93,183
149,109
155,144
56,101
0,179
87,61
55,13
21,158
84,84
15,117
60,37
14,67
102,74
29,8
0,86
185,44
133,77
138,8
67,0
44,97
199,193
5,144
188,74
69,199
65,172
90,181
96,178
90,154
17,142
99,162
184,48
27,0
115,50
193,198
111,82
19,188
147,81
25,73
194,17
108,56
114,55
65,93
125,167
148,39
53,83
41,52
170,31
194,43
120,123
41,165
121,123
99,194
146,61
76,192
47,143
123,59
196,31
22,190
104,55
8,75
181,3
88,108
14,47
100,52
26,11
26,86
128,45
65,98
189,36
6,5
87,62
28,72
49,98
172,97
153,70
11,105
150,101
64,138
188,151
179,178
5,106
57,185
46,197
184,158
156,139
124,0
55,106
71,115
185,115
148,169
119,169
1,77
142,25
154,102
195,66
113,180
120,88
189,40
38,43
77,146
86,93
57,161
122,81
48,125
83,30
1,7
183,74
57,72
151,71
146,39
152,27
162,118
158,108
144,98
65,83
126,131
184,150
87,59
72,1
95,79
22,79
186,80
1,73
93,31
107,4
176,16
146,127
6,193
123,104
21,177
70,54
47,129
150,179
14,106
122,113
88,148
100,131
4,14
24,33
53,46
194,61
111,90
116,58
48,143
176,86
180,154
56,51
66,2
47,166
14,93
62,64
5,156
103,96
65,125
67,84
92,189
195,122
131,130
26,128
113,168
183,79
16,128
117,112
181,115
106,34
182,191
191,121
89,172
17,145
92,165
113,110
145,178
92,41
50,12
151,63
156,12
95,22
33,102
135,83
21,81
14,189
45,198
26,25
177,19
162,147
41,119
0,166
2,177
195,129
163,190
183,151
61,78
9,116
186,186
120,104
162,30
148,2
122,87
76,173
175,90
199,32
187,130
131,60
24,97
65,126
20,140
129,196
130,158
129,8
46,92
194,190
107,102
99,68
81,40
13,102
100,80
100,89
16,78
50,193
97,140
129,33
33,37
136,3
57,177
162,49
199,109
19,42
30,125
49,83
63,143
62,132
193,25
148,11
56,62
176,79
27,143
114,195
20,55
78,145
133,25
157,120
150,125
160,18
86,160
32,185
55,165
45,185
66,46
166,137
64,49
110,38
27,59
110,174
79,89
91,182
123,162
158,145
71,193
162,177
98,117
44,117
177,66
24,7
190,6
107,115
56,104
51,161
64,112
198,141
195,102
172,46
171,141
66,169
73,105
68,157
157,113
141,33
127,27
189,118
187,11
136,0
97,143
134,174
179,172
59,104
109,81
90,184
44,187
42,75
107,142
197,14
29,81
154,86
80,19
167,68
42,124
28,191
155,0
16,189
110,139
194,138
107,177
54,158
37,0
176,84
192,163
111,193
127,82
114,39
143,175
119,101
16,93
125,191
192,103
103,46
88,133
163,100
60,12
31,16
19,98
42,161
104,12
10,12
93,154
46,168
74,71
108,185
95,20
137,54
171,120
68,109
130,122
71,169
24,46
66,127
136,51
169,76
36,27
195,95
93,30
3,98
34,184
5,23
154,131
80,103
128,178
192,172
107,107
53,69
33,4
33,8
93,71
174,177
83,171
67,114
147,40
74,175
46,172
62,106
101,71
41,63
190,35
47,162
133,45
11,107
108,87
128,94
132,28
187,181
25,188
133,140
121,135
1,71
151,164
77,127
2,11
45,27
95,194
154,56
118,175
39,51
155,24
123,18
2,171
165,147
118,98
25,4
13,22
196,105
116,157
8,13
152,15
32,69
119,80
137,187
124,54
186,164
183,13
133,59
65,38
90,142
123,11
132,101
170,116
99,129
146,48
74,56
168,156
193,174
136,5
172,82
52,112
8,38
14,36
148,167
180,153
182,88
134,49
118,47
115,157
148,193
149,82
1,56
173,17
171,92
15,154
108,0
62,136
189,161
74,188
108,110
153,75
32,96
44,6
169,67
101,139
41,100
21,53
182,13
145,146
126,114
165,100
64,18
148,172
6,31
95,102
173,89
55,7
148,29
108,172
33,87
184,2
154,24
199,149
36,139
117,175
140,16
116,97
179,110
94,178
154,54
31,27
6,79
95,190
23,129
128,132
14,95
67,75
5,46
49,157
119,57
153,44
182,131
135,85
125,173
32,157
112,83
117,156
32,71
20,111
112,5
0,8
104,189
182,56
177,107
165,76
166,117
47,133
89,29
14,41
178,10
114,9
114,96
186,198
153,186
72,78
88,196
78,148
162,98
111,38
166,62
118,93
16,33
37,86
35,170
64,151
151,133
120,19
156,22
49,27
0,8
37,66
56,127
135,161
184,66
103,88
19,85
105,18
29,84
79,116
64,129
53,28
179,128
169,102
124,63
112,153
46,4
178,115
50,120
84,153
74,135
18,179
125,194
125,42
41,40
119,132
4,37
171,65
17,148
70,60
82,82
51,64
62,2
135,170
14,73
33,54
154,31
111,6
11,101
21,98
160,158
32,187
112,148
50,93
31,23
141,48
186,135
78,59
80,171
2,125
29,170
143,42
81,148
176,75
89,112
191,52
60,140
129,121
81,138
13,120
110,112
51,13
5,10
133,49
57,23
56,97
114,12
109,126
64,43
157,49
90,73
160,94
118,188
44,35
112,19
111,95
130,199
21,49
31,113
180,34
123,58
82,46
157,43
59,65
60,80
0,154
9,175
66,81
14,163
78,174
101,55
16,165
154,123
13,104
31,30
110,187
106,129
112,83
71,164
110,156
20,122
131,4
106,158
78,85
49,4
177,60
116,179
184,163
167,181
141,46
81,112
57,15
47,82
110,36
26,150
13,149
187,115
118,166
171,154
65,33
114,29
24,88
43,36
133,77
57,84
27,23
164,75
182,78
198,40
49,121
35,178
184,60
184,106
73,94
151,26
118,79
141,22
198,5
110,182
39,162
125,61
42,184
99,50
15,34
68,48
100,115
56,49
141,61
110,78
187,46
61,16
4,31
127,58
64,121
185,159
48,59
29,49
154,85
186,45
148,50
2,197
82,116
155,46
140,107
89,16
56,112
65,145
135,141
141,183
40,187
150,96
77,175
171,98
135,31
192,140
3,199
92,50
15,28
94,58
145,81
144,72
163,15
187,42
48,38
139,122
77,88
167,22
196,55
76,180
94,127
157,29
104,132
10,11
72,49
9,162
121,92
29,147
36,82
22,169
187,154
180,160
150,69
107,116
4,141
22,185
63,65
52,139
39,164
15,84
128,194
190,29
56,63
136,55
165,136
118,36
192,33
111,57
16,157
124,67
107,118
76,1
64,67
67,72
64,166
20,170
1,66
83,3
80,188
40,170
87,54
36,85
24,178
0,21
48,28
26,191
102,27
40,167
59,118
144,81
56,156
58,87
85,22
117,91
121,73
45,132
152,31
81,27
50,38
146,161
110,75
154,143
156,161
186,52
88,150
44,63
45,98
54,109
129,2
20,131
113,185
93,89
8,193
127,78
179,89
138,124
132,69
44,139
152,43
30,60
137,89
193,140
102,188
88,116
31,65
152,63
186,131
13,13
160,88
136,25
178,154
190,25
46,173
98,19
91,97
124,63
186,20
103,78
16,121
163,105
112,191
28,96
83,171
89,43
53,170
93,8
78,176
53,30
159,0
147,10
48,63
194,173
91,148
19,24
146,31
87,45
33,177
59,110
31,130
124,46
115,53
5,73
161,150
119,187
162,76
75,2
170,72
130,149
73,142
171,10
196,169
180,133
38,170
181,108
116,48
8,156
35,94
119,164
158,100
33,172
71,25
134,141
122,1
44,165
180,57
125,199
88,172
45,82
194,49
77,150
99,103
56,44
18,19
34,91
40,144
139,111
170,6
108,19
161,78
103,8
64,49
112,161
4,143
96,128
188,122
130,21
144,32
22,100
77,3
147,41
78,98
62,133
46,86
88,76
62,44
160,124
129,122
88,71
152,161
118,136
90,87
56,89
105,130
129,59
26,193
38,94
124,188
180,179
59,48
165,169
179,156
56,24
45,141
175,112
127,44
186,73
51,197
130,18
91,175
71,33
85,182
177,16
90,167
159,27
81,80
25,131
76,163
40,25
157,119
98,133
54,15
93,28
30,17
141,97
85,113
130,61
182,100
150,7
98,81
41,148
199,15
79,86
123,43
174,191
179,155
16,159
104,13
154,131
69,88
36,21
23,102
92,61
116,59
57,94
199,134
135,93
148,25
18,181
50,21
124,193
73,108
192,134
120,168
123,116
74,42
74,62
95,5
136,122
66,182
123,28
138,37
141,16
9,197
192,97
188,106
119,86
151,16
185,82
131,65
49,180
109,181
110,92
164,117
144,79
93,139
40,127
195,77
97,93
136,19
83,17
159,122
151,87
35,78
187,84
74,147
69,115
115,136
122,140
96,176
126,161
158,132
37,74
131,129
197,115
195,3
43,114
123,60
182,173
177,31
112,149
66,129
185,32
136,146
90,141
84,195
188,180
132,133
85,195
73,88
86,94
90,22
145,127
126,165
85,111
106,176
137,19
7,96
81,140
71,87
115,7
84,66
44,47
67,187
88,21
56,100
179,28
48,193
163,50
1,86
1,56
155,197
127,139
28,163
82,131
107,148
13,42
106,97
136,150
39,198
192,67
81,140
139,197
115,40
30,59
27,110
177,92
98,134
186,89
104,190
74,84
155,39
48,67
190,151
108,88
56,127
85,98
73,35
132,31
106,86
47,68
139,158
157,190
10,146
109,196
72,69
160,165
148,188
90,51
139,107
97,97
11,83
50,154
83,96
116,82
161,105
181,116
132,17
33,98
60,196
97,36
137,168
69,14
49,199
163,108
195,145
17,4
43,60
46,137
167,34
69,91
12,198
48,67
29,49
167,61
91,142
143,199
129,60
125,96
161,156
116,112
106,150
23,13
64,30
57,165
187,89
114,28
105,172
58,40
139,159
79,49
135,101
185,57
158,146
164,165
109,168
178,173
161,198
67,18
150,152
59,35
80,112
26,3
170,158
95,139
85,185
48,0
160,72
16,23
155,38
31,121
132,131
164,70
116,14
27,49
186,155
30,137
35,115
130,86
43,17
170,125
163,54
64,49
173,112
49,34
153,188
34,186
114,139
88,40
3,10
115,0
123,196
57,179
138,35
45,73
186,74
185,133
113,190
110,73
96,63
13,56
121,124
155,44
8,143
104,49
53,91
65,141
146,125
79,1
26,75
168,186
129,81
78,104
81,180
184,39
104,22
143,175
190,164
173,178
174,166
20,6
24,129
162,71
8,157
199,90
22,156
24,87
143,61
144,31
103,176
160,8
130,164
120,31
129,68
15,22
116,191
185,193
126,14
150,41
36,117
172,22
91,15
25,186
1,46
162,61
153,142
148,113
128,62
110,60
75,64
83,180
13,80
103,186
114,98
78,74
171,160
57,142
27,149
141,50
159,132
130,113
44,184
168,74
188,49
41,21
118,116
126,95
16,194
169,86
60,29
103,183
108,187
169,55
172,87
170,4
169,102
30,60
4,155
2,149
113,96
70,51
182,197
60,90
164,93
116,192
97,23
50,75
186,15
53,34
83,62
182,8
174,36
159,58
183,199
149,20
57,132
158,79
31,142
178,186
193,130
152,92
179,45
178,189
115,99
26,16
94,174
25,173
143,0
76,54
163,172
168,69
82,41
125,124
43,18
182,104
133,143
166,49
14,71
174,173
99,77
28,150
30,87
132,65
190,199
97,65
91,198
161,116
141,174
17,52
147,134
126,85
86,116
53,98
97,155
176,60
75,17
85,123
111,126
103,30
70,101
191,146
65,30
33,68
40,20
72,196
174,49
10,173
71,162
87,166
10,74
91,116
199,55
45,32
68,89
97,180
193,160
186,86
92,16
7,39
30,110
36,25
184,45
84,75
110,65
185,22
118,19
111,118
24,5
115,77
130,117
45,100
121,187
106,131
161,157
137,100
37,115
126,24
23,149
157,13
144,96
190,53
5,145
63,142
50,1
28,15
181,16
55,126
114,43
136,116
14,133
170,93
16,132
22,61
79,41
43,196
103,22
134,127
141,143
197,134
102,90
129,75
135,36
25,25
89,195
2,94
179,84
190,180
113,46
196,171
153,34
123,9
89,10
126,2
64,127
146,134
142,113
148,14
159,134
64,10
122,189
64,86
49,195
26,77
63,171
105,128
59,111
40,149
14,28
98,82
177,139
129,86
70,154
66,189
96,151
156,156
151,141
17,142
130,38
46,191
77,90
115,2
33,151
153,193
161,135
150,165
60,61
136,139
91,55
36,76
27,151
118,0
185,98
78,47
35,48
197,66
77,80
118,69
17,22
120,58
102,159
142,108
25,186
129,134
74,108
91,89
86,135
91,148
170,111
50,64
84,100
114,108
70,31
63,144
75,12
186,74
4,129
164,187
123,76
152,59
54,183
146,185
69,89
185,20
99,181
178,50
96,124
107,191
145,115
45,62
111,196
129,100
161,90
94,170
0,46
84,59
49,193
86,40
137,44
147,53
78,56
190,53
125,49
44,190
29,11
47,73
161,124
170,58
119,126
194,13
186,29
40,85
63,52
179,11
180,65
91,6
189,141
37,165
150,99
36,178
93,29
44,35
76,10
144,43
108,1
90,121
184,156
165,176
101,191
36,148
159,188
142,168
15,165
79,60
54,107
133,106
157,188
29,145
92,75
135,178
123,21
169,165
162,190
13,62
50,114
166,170
162,102
135,60
56,41
68,170
137,94
136,74
62,114
192,66
161,117
192,175
86,119
135,162
120,113
119,167
19,46
149,16
45,194
64,144
49,124
175,189
108,101
87,143
102,68
152,73
149,106
79,45
28,174
198,111
100,140
134,65
194,95
69,64
91,50
46,27
181,100
142,82
188,43
89,79
186,112
172,92
35,181
82,105
16,142
17,120
51,123
52,56
197,129
93,66
59,132
170,117
146,113
182,70
173,39
172,39
179,55
15,62
148,156
84,40
137,85
188,88
129,58
138,180
138,101
103,12
32,75
32,123
46,39
32,120
0,173
73,157
14,69
135,92
67,127
126,14
45,184
33,44
196,98
167,11
125,44
5,87
148,33
136,124
86,72
69,157
133,21
67,90
99,150
158,156
156,170
42,37
137,95
83,181
162,12
15,58
85,91
4,94
108,92
76,39
108,40
162,117
15,72
166,63
96,177
109,53
25,171
35,41
84,38
136,167
87,4
7,37
140,152
42,165
54,13
193,36
83,18
54,160
182,160
125,174
170,178
82,46
19,38
105,120
196,2
21,181
179,160
134,53
181,51
106,157
199,35
109,66
109,104
185,138
173,156
142,9
178,0
90,17
92,46
71,169
177,35
10,63
177,54
91,178
123,175
103,97
158,32
31,129
74,174
50,6
130,15
17,105
188,168
10,116
38,6
169,130
160,131
66,197
112,25
13,41
199,0
127,195
137,15
14,79
11,21
133,82
150,61
197,191
6,178
38,138
133,95
82,0
54,26
18,54
105,38
67,76
141,132
150,109
77,116
190,8
168,1
80,140
135,164
105,1
63,157
39,135
127,99
50,33
63,157
97,69
186,18
7,107
129,149
165,170
18,119
47,10
145,110
66,52
61,155
131,96
63,6
35,99
19,169
195,133
178,148
63,26
100,160
85,69
146,91
132,69
143,118
91,55
27,18
31,7
183,120
37,109
139,158
107,191
6,109
147,67
88,44
196,57
170,112
59,34
33,180
127,71
24,108
157,153
145,112
167,5
35,132
158,87
193,154
168,54
181,85
157,174
53,91
128,166
72,12
108,132
176,158
63,35
49,163
79,78
155,161
75,94
14,7
26,197
157,31
196,25
46,1
89,28
163,130
166,131
29,154
13,54
106,5
18,70
81,163
167,43
152,111
3,135
38,113
84,85
168,197
150,123
145,183
182,72
185,95
75,67
57,66
39,21
56,140
194,128
18,123
46,55
12,57
90,66
143,15
197,92
90,149
66,101
164,109
84,46
156,56
103,89
87,106
64,151
74,79
167,33
33,140
166,36
32,164
121,89
165,42
96,6
36,103
80,5
142,104
194,146
163,130
68,181
152,144
63,135
106,31
160,168
11,71
5,72
110,47
158,70
76,186
149,16
8,191
23,63
104,145
16,111
177,149
136,53
105,192
17,135
121,144
147,148
51,157
132,56
29,52
28,75
59,182
111,90
46,69
26,129
104,119
68,160
196,95
106,107
63,19
109,98
62,95
60,36
49,20
146,41
68,153
191,41
142,66
175,181
110,35
46,63
148,106
105,156
146,6
158,89
148,176
199,173
169,9
155,16
127,145
170,67
150,152
101,111
146,20
120,178
68,130
2,106
143,134
165,62
41,26
35,131
31,72
77,148
60,195
12,160
24,155
94,147
117,49
131,26
136,129
195,145
126,111
152,160
60,114
191,79
105,18
142,63
136,18
193,90
167,106
193,75
11,175
172,160
147,85
97,171
8,187
44,21
164,42
103,99
137,141
6,106
45,65
56,84
132,107
69,190
108,55
38,171
55,91
182,126
17,199
129,107
154,74
120,199
133,142
87,171
128,37
17,105
31,171
174,78
29,141
84,35
71,174
56,68
184,171
154,124
50,175
59,85
155,13
71,142
62,24
134,26
154,69
150,165
150,198
119,4
186,78
54,62
28,140
80,99
79,173
74,111
78,50
109,89
124,155
36,171
9,43
110,125
70,181
92,6
66,131
70,48
62,126
43,10
126,35
96,34
61,190
2,128
69,57
104,148
114,124
93,76
156,31
146,121
118,8
74,9
132,12
168,16
136,70
1,181
40,56
58,142
168,31
70,29
141,141
41,189
46,30
174,190
146,8
154,178
164,171
16,78
106,95
181,30
117,67
116,168
49,79
54,63
42,67
180,168
183,50
135,145
22,130
196,174
50,186
10,182
180,75
166,122
197,6
125,110
177,106
139,97
150,145
96,100
85,63
144,144
176,190
77,167
159,191
173,74
160,68
50,178
192,12
142,167
75,36
99,120
173,146
156,56
75,88
197,67
154,17
158,107
37,135
56,44
170,114
39,92
104,91
100,108
85,164
147,12
80,65
82,167
112,59
100,135
64,59
61,68
45,119
64,179
192,47
35,197
148,45
182,176
48,23
106,78
8,61
1,91
51,26
21,83
99,113
133,171
85,41
30,31
186,183
196,41
55,184
150,176
23,187
12,84
197,175
123,63
92,132
49,141
92,162
76,41
113,86
185,11
37,77
48,170
198,83
120,140
123,130
157,43
94,109
0,7
199,65
114,105
18,135
130,118
54,23
122,22
69,40
49,185
135,149
97,47
68,9
141,96
167,175
79,47
83,139
157,150
182,58
106,32
78,63
176,136
21,160
53,143
106,142
162,188
30,59
170,38
192,49
154,125
121,181
130,99
191,42
56,85
104,185
13,123
14,146
42,142
145,50
89,188
136,97
112,150
101,128
103,17
4,69
145,97
104,96
11,102
67,188
115,119
113,41
60,116
119,30
54,43
135,4
176,51
190,103
165,36
51,25
13,150
198,103
190,59
73,90
165,15
105,173
174,4
116,163
58,30
6,199
27,9
196,185
130,194
198,18
152,197
162,98
56,159
67,83
125,92
58,50
42,1
190,5
34,115
68,108
99,114
159,117
60,16
26,167
52,129
65,140
75,6
33,124
63,165
134,199
8,14
112,45
67,41
172,27
60,128
142,150
56,157
110,18
52,147
64,79
0,52
47,88
151,27
69,40
24,159
104,146
84,145
165,96
30,103
177,115
154,25
78,177
76,3
38,105
178,139
174,46
190,70
165,174
14,197
174,134
145,86
66,58
133,43
157,141
38,59
102,127
164,124
156,31
67,71
105,95
193,109
126,43
131,160
150,123
108,43
89,157
152,143
39,37
96,85
66,119
21,18
82,55
19,148
181,103
174,155
142,180
121,187
133,175
138,94
195,64
55,130
96,136
44,180
143,105
135,164
148,139
169,65
92,26
177,127
186,160
146,196
22,69
165,129
121,167
156,98
17,54
52,17
130,112
100,71
71,164
62,40
26,143
43,22
196,5
30,52
88,194
77,60
116,194
194,41
71,166
127,75
153,26
160,5
52,129
165,36
13,110
103,141
142,41
192,182
33,190
119,62
68,180
28,104
194,172
118,20
65,131
177,15
94,135
113,39
16,68
25,123
36,142
124,122
36,195
121,132
33,162
199,3
73,132
170,85
176,174
70,176
21,75
143,134
25,100
131,117
59,194
185,142
153,81
157,49
125,114
130,177
157,94
85,174
79,142
183,120
135,14
91,81
73,163
35,15
54,166
40,86
187,176
107,176
121,11
66,131
89,114
67,144
61,126
19,61
1,103
189,2
29,19
92,85
86,196
61,129
90,4
71,49
29,40
52,24
53,191
173,177
120,72
191,30
131,15
51,145
150,14
40,134
15,167
35,71
63,16
140,143
119,37
58,189
70,104
74,37
151,197
88,108
175,22
130,58
168,4
9,141
79,152
165,111
161,191
120,20
49,138
86,64
77,141
189,69
191,140
157,118
74,66
96,69
135,146
113,64
51,197
38,62
101,133
191,93
66,39
147,173
117,149
68,126
138,76
101,46
164,18
37,55
71,63
154,155
130,102
15,184
109,49
174,36
93,102
132,114
192,115
12,43
178,148
129,76
25,83
57,112
172,44
31,135
70,131
100,131
87,115
155,153
166,189
46,50
26,162
180,140
168,66
29,68
62,193
52,18
63,98
94,135
187,38
168,193
85,168
119,87
55,164
111,10
191,26
132,93
37,61
28,113
106,61
4,83
151,146
170,166
159,114
175,55
91,186
13,182
132,141
33,39
197,67
84,63
4,36
185,109
168,122
93,157
100,175
123,99
174,87
170,8
154,52
171,9
67,50
57,182
114,129
185,53
85,177
10,146
107,74
28,163
146,165
32,95
102,20
23,199
193,78
125,1
132,90
190,108
175,140
73,35
135,75
164,114
184,163
31,12
151,66
93,96
17,128
84,128
191,122
31,78
10,50
57,65
17,172
195,92
84,55
94,177
132,142
61,132
30,45
51,170
62,32
97,9
75,96
131,38
36,158
138,11
11,55
131,152
114,169
76,170
1,146
53,85
81,15
165,4
54,110
156,170
197,11
61,189
79,64
119,51
61,8
142,16
149,17
171,174
176,159
69,184
30,46
110,54
18,96
72,42
99,50
146,132
101,133
50,21
72,150
151,27
65,176
34,45
122,26
99,110
195,84
98,156
199,89
46,98
11,92
134,151
168,33
1,40
176,112
28,0
62,141
100,31
48,66
83,58
82,99
52,75
123,25
93,51
72,1
193,178
125,83
194,12
159,58
57,5
71,121
135,67
74,108
176,104
53,197
11,68
106,62
128,120
29,91
151,46
115,20
151,194
189,53
79,64
3,45
107,55
67,162
112,100
65,52
5,155
5,5
168,77
118,152
135,32
104,189
70,115
67,169
130,34
160,10
122,103
166,12
184,175
52,81
73,61
135,22
14,164
20,77
189,117
179,61
188,112
97,155
190,165
95,120
104,110
186,62
67,198
123,54
12,159
52,119
41,32
180,40
152,159
141,92
183,132
132,162
111,87
146,19
101,27
37,35
90,90
79,165
145,137
31,162
16,84
149,184
49,185
8,63
103,94
169,93
137,116
26,175
103,98
123,59
114,71
191,44
190,46
43,184
180,79
121,102
79,19
184,136
94,176
106,129
122,74
101,124
120,140
12,168
117,3
24,165
82,184
176,115
136,86
53,0
108,1
28,95
4,48
138,76
122,166
45,196
19,9
127,137
36,193
2,26
6,177
152,51
97,130
62,28
144,165
3,52
113,117
29,98
53,132
33,64
145,180
10,139
88,165
48,59
154,16
88,56
3,4
182,171
47,144
116,86
62,60
35,112
151,170
116,160
94,153
35,41
102,15
145,115
100,177
135,110
39,95
132,1
36,113
119,183
119,162
103,94
42,61
170,58
108,72
179,58
4,124
185,25
127,145
10,97
88,142
40,39
133,42
194,160
32,91
179,54
89,104
196,105
147,92
113,189
8,94
194,89
83,159
82,52
91,47
57,36
65,133
123,39
42,123
157,186
3,73
175,159
87,35
41,45
45,69
67,181
121,123
34,196
60,98
60,72
127,58
4,178
168,71
10,32
164,163
84,2
39,104
141,12
51,103
181,114
72,97
89,86
92,100
139,139
43,111
103,78
150,178
46,133
82,102
159,193
30,172
72,33
32,19
154,36
118,83
79,193
69,83
119,176
53,103
142,150
4,144
3,99
108,194
124,1
4,166
119,65
96,113
130,161
54,145
36,110
4,124
17,42
39,156
47,107
184,68
147,126
10,98
75,100
21,76
26,177
13,135
73,25
15,188
73,72
139,92
150,55
128,198
197,91
56,193
127,175
192,177
41,108
192,139
51,110
152,162
33,32
170,85
129,140
148,156
136,125
37,134
66,15
48,192
172,86
159,148
100,11
85,33
21,82
24,109
143,142
130,108
184,132
115,94
149,156
76,101
56,99
9,162
118,184
157,112
114,198
162,20
57,14
158,46
141,17
22,146
134,31
111,177
176,187
59,82
35,143
139,171
72,113
124,12
189,102
118,141
179,29
159,114
128,90
140,93
93,18
180,107
173,22
52,100
28,191
57,27
96,130
123,138
75,119
198,30
173,95
160,19
94,129
65,99
93,168
74,40
180,94
180,138
125,96
83,19
119,46
111,39
51,37
10,75
134,195
142,108
164,40
5,173
8,189
58,136
194,53
143,71
14,170
133,145
113,121
62,66
177,10
7,117
149,133
133,24
133,139
93,156
23,103
146,48
30,193
195,166
189,184
52,130
149,28
111,103
132,73
20,93
30,108
172,126
166,166
177,97
148,157
33,186
46,13
119,149
141,154
21,41
115,48
27,156
143,123
92,136
181,87
23,83
50,98
67,195
113,58
79,63
196,37
28,92
172,56
45,42
37,88
97,128
4,49
116,57
14,185
125,145
47,76
126,25
113,121
19,5
190,8
25,34
34,76
95,7
50,72
42,60
159,80
54,35
29,130
79,29
136,48
161,6
10,126
114,87
186,14
50,192
190,114
195,156
122,187
30,85
66,74
39,65
117,85
140,166
132,75
38,110
36,139
178,99
78,84
93,9
17,172
164,141
32,15
150,182
144,91
22,176
81,66
75,195
198,130
35,168
57,124
97,191
87,51
91,150
54,35
99,179
194,91
110,167
144,114
59,36
93,41
68,158
36,64
59,162
186,166
108,189
5,82
118,122
153,145
189,185
69,32
49,104
185,176
68,182
117,55
49,68
23,33
76,130
98,148
112,102
64,75
16,34
103,139
174,112
195,101
47,17
13,165
5,83
147,54
76,168
116,173
122,178
23,101
143,124
131,146
60,91
100,102
74,29
24,43
152,137
81,180
11,147
88,183
53,129
169,77
27,30
66,17
180,144
165,37
187,18
21,126
153,16
134,158
5,186
137,71
150,191
88,38
69,31
5,174
124,40
55,157
173,53
88,176
87,188
165,134
155,148
60,125
194,195
87,7
82,1
54,195
195,132
96,123
119,67
46,154
149,108
131,51
6,23
95,8
9,148
50,79
146,89
131,126
88,33
115,52
174,140
135,41
135,175
148,14
34,22
58,182
184,75
52,91
93,34
141,34
69,148
9,99
183,136
161,131
177,34
184,84
181,31
119,128
147,36
110,79
49,198
127,164
18,50
135,97
61,130
169,111
33,56
196,16
164,169
178,94
117,4
109,48
49,128
9,171
191,49
198,141
23,186
43,62
56,68
143,152
46,1
151,157
52,110
0,189
3,55
146,29
67,132
157,36
106,2
105,26
68,38
115,148
75,180
36,189
66,106
100,14
49,66
1,9
131,97
184,64
197,81
89,174
117,51
179,115
110,23
36,162
55,149
14,88
100,197
7,66
111,109
74,180
198,171
174,30
121,165
4,132
142,117
20,47
143,95
108,173
196,83
149,80
24,27
54,152
60,92
130,90
63,140
194,191
116,150
193,126
56,158
145,187
159,170
128,163
44,104
69,169
44,148
5,56
40,148
162,29
94,52
92,171
124,186
188,132
53,173
62,118
31,157
88,124
106,163
181,127
35,88
0,170
40,183
165,194
156,195
96,121
25,47
28,51
121,73
42,76
156,60
182,191
101,40
81,151
138,49
69,5
159,107
49,184
51,98
30,174
14,157
168,5
111,106
164,151
0,167
53,59
28,77
172,140
120,142
176,194
130,69
125,56
68,10
198,155
48,137
19,174
30,113
7,29
11,52
139,174
74,59
57,60
78,125
181,126
189,43
164,127
65,23
123,14
82,73
98,155
147,57
27,179
136,29
66,139
176,186
57,89
134,101
47,130
116,23
193,32
135,133
123,180
5,78
56,63
74,164
88,18
190,148
45,193
190,129
107,137
145,133
101,115
145,167
159,152
161,111
6,179
76,128
139,58
119,83
186,118
189,196
19,170
15,36
52,192
30,115
161,163
25,72
26,94
145,22
108,52
130,87
99,199
128,105
191,46
115,149
80,50
72,177
79,127
195,94
111,132
113,109
109,113
90,58
108,127
67,76
103,197
131,118
4,110
41,179
147,139
133,114
181,192
170,68
108,4
95,41
191,128
18,145
147,140
80,184
2,148
198,57
94,197
66,198
7,178
27,198
83,4
60,197
74,6
150,35
65,187
99,127
167,46
190,65
171,22
146,84
154,14
153,40
32,113
136,147
134,21
137,149
24,127
161,98
195,104
189,56
68,74
153,145
0,0
127,61
73,74
156,135
115,107
171,27
130,160
164,79
194,97
9,22
62,0
184,186
77,134
65,141
30,56
196,88
164,84
150,142
6,90
38,172
71,152
9,159
64,11
196,125
161,146
69,16
178,98
34,105
35,27
9,109
96,16
81,88
61,26
130,159
184,199
149,152
52,152
133,102
99,53
165,189
123,181
43,180
160,82
186,121
68,33
183,72
148,139
14,108
1,89
175,57
11,191
93,94
28,75
55,22
84,21
28,79
13,57
71,132
16,94
186,40
182,162
12,171
40,163
182,72
93,199
124,28
48,41
98,113
175,186
63,103
60,10
50,67
76,152
160,173
125,50
70,36
130,186
68,150
149,124
111,13
0,152
150,165
159,86
9,174
63,131
93,113
185,133
121,43
180,63
166,172
52,133
66,87
63,30
186,12
123,45
155,177
109,91
76,139
144,171
128,148
192,104
194,103
191,123
5,98
106,42
95,78
28,47
174,123
49,129
85,155
16,144
105,152
199,173
153,94
107,87
135,36
60,106
4,128
70,89
63,153
113,2
65,135
70,153
1,65
32,91
50,114
45,50
149,184
74,22
197,57
26,179
173,191
147,90
13,146
164,153
176,155
66,116
18,187
179,187
79,4
90,91
149,151
54,182
3,141
75,139
128,78
12,39
13,157
108,146
4,86
132,127
108,198
10,136
143,119
67,144
44,127
25,134
139,76
5,169
126,6
52,90
76,66
60,40
100,129
120,16
96,93
141,152
54,54
32,20
41,109
10,27
119,65
98,49
56,22
88,93
59,127
148,63
76,181
64,20
1,131
43,190
52,18
69,196
72,82
137,160
165,140
111,195
84,13
140,14
67,195
103,106
118,159
148,104
18,117
198,36
87,11
87,67
102,162
123,104
67,175
196,80
157,31
109,32
191,52
81,18
159,4
85,162
28,162
77,124
0,30
122,196
47,39
177,18
49,179
99,66
160,93
63,84
104,10
19,38
119,83
22,78
35,87
179,134
76,126
190,187
133,19
76,3
90,180
173,7
89,26
86,90
113,53
4,50
50,184
7,174
151,49
19,6
140,94
92,9
66,84
12,35
155,70
57,166
193,189
3,40
197,16
96,43
51,4
3,133
158,168
27,89
199,150
128,54
167,174
3,137
162,63
27,78
133,83
154,51
120,199
111,178
147,163
183,114
179,68
32,85
104,129
28,162
181,174
156,43
6,61
161,11
143,96
12,30
164,110
25,46
104,63
125,146
199,172
4,35
105,169
81,157
176,81
35,80
22,160
35,172
186,158
136,99
93,160
75,187
91,14
112,154
5,49
10,103
114,8
130,102
190,99
141,110
136,189
72,141
178,61
35,191
182,114
14,195
95,171
34,40
186,14
79,57
160,12
152,29
5,64
82,79
100,47
27,126
132,138
77,10
28,186
80,67
138,149
47,7
0,196
175,177
35,59
12,180
2,65
132,120
54,33
74,169
187,108
190,98
141,53
61,155
31,39
63,32
128,61
85,123
117,183
168,104
141,94
27,15
47,147
162,161
78,174
12,54
131,159
29,19
198,137
76,84
152,174
56,102
70,54
18,189
146,118
60,76
83,194
140,192
197,98
43,194
40,119
125,169
137,164
29,181
21,107
165,159
199,121
181,89
132,108
104,189
195,67
194,180
92,50
158,57
95,52
194,125
163,173
113,100
51,179
97,163
141,196
26,92
71,58
164,26
127,35
109,127
117,14
195,40
186,130
34,21
41,44
136,71
175,133
177,76
54,38
88,19
54,101
107,185
160,15
123,127
86,56
96,197
182,10
18,188
170,194
3,129
140,67
88,193
193,146
109,133
121,89
11,128
141,70
117,49
15,144
147,182
19,115
56,102
156,181
97,5
24,187
172,0
58,188
63,178
52,147
166,86
75,55
57,46
70,112
61,93
128,27
143,62
113,69
42,173
90,158
195,79
106,16
150,53
169,29
161,91
199,107
142,135
96,69
70,101
44,140
155,197
195,134
131,186
141,140
177,62
115,63
42,30
35,185
51,0
93,175
179,166
34,25
187,22
158,189
2,85
51,109
89,40
32,127
55,184
150,194
195,52
136,71
95,161
192,196
124,194
72,75
89,14
59,137
59,8
161,26
154,146
112,194
27,72
7,182
89,128
148,119
72,119
116,20
68,185
86,11
154,38
66,102
51,179
196,25
21,76
148,187
95,38
44,197
110,164
87,165
52,45
91,180
197,115
72,186
96,87
8,14
195,91
68,124
97,197
105,56
18,117
192,27
19,107
122,195
197,127
159,28
20,122
177,109
118,71
107,184
10,150
179,74
25,66
47,194
79,150
168,94
18,184
35,24
132,148
160,20
186,151
106,154
63,145
77,176
21,192
78,43
164,131
13,91
91,159
116,162
161,136
119,190
50,124
161,47
35,72
80,153
64,134
161,169
32,41
53,139
59,68
36,177
171,16
9,54
186,177
3,38
106,66
74,40
67,154
190,106
187,101
48,117
0,161
68,112
94,175
34,138
117,124
146,3
82,62
14,85
160,177
138,49
41,98
23,93
130,85
49,63
80,106
126,150
75,99
167,91
82,166
128,166
144,90
182,129
179,77
40,103
67,74
166,112
195,36
186,167
123,178
189,181
132,105
162,2
83,191
193,146
184,95
29,190
3,73
43,13
178,14
185,73
57,194
91,104
149,37
99,36
92,140
122,191
151,110
34,156
170,53
20,148
76,16
93,48
103,116
123,44
128,2
137,39
4,81
56,196
127,34
150,107
185,119
151,138
100,23
12,14
151,52
178,25
114,23
185,89
127,65
95,46
152,104
177,17
132,167
154,55
105,34
162,172
105,188
25,92
190,198
92,143
120,13
11,55
107,93
199,122
71,103
183,115
14,72
104,34
161,193
172,129
56,36
110,168
162,185
50,72
87,66
176,163
79,198
146,38
89,40
96,140
49,46
50,135
119,184
154,10
178,138
144,36
136,78
90,93
105,71
159,169
40,80
112,145
117,41
71,177
41,34
165,122
96,71
68,51
52,21
44,171
187,78
55,6
155,135
59,58
160,122
56,92
191,76
189,118
61,144
44,154
43,115
36,34
61,183
155,196
130,8
42,192
185,109
115,2
48,173
126,41
161,91
172,11
150,141
99,154
32,16
163,169
187,48
87,166
160,180
46,115
35,120
116,64
72,24
97,74
6,95
173,71
67,133
195,37
172,189
114,163
41,58
101,145
96,161
17,163
73,63
165,3
35,103
173,166
96,123
85,63
158,18
54,98
162,169
40,98
92,130
135,126
3,39
31,100
99,22
104,115
77,43
6,194
138,61
137,48
102,170
72,101
64,197
103,60
160,108
184,14
64,151
165,65
118,102
59,95
5,27
178,159
120,121
69,177
178,112
101,52
109,72
53,196
75,89
195,23
52,116
183,159
58,105
57,51
181,39
120,120
101,169
45,25
70,64
96,116
92,59
34,86
76,146
163,73
52,65
134,112
63,102
17,190
167,99
41,133
24,62
32,152
173,121
196,42
157,131
32,50
89,18
135,115
150,4
28,86
65,117
156,14
82,90
89,86
133,120
86,57
11,85
46,178
177,139
94,43
163,164
107,67
111,131
10,101
78,162
149,33
15,97
191,94
147,177
149,137
156,143
161,196
38,193
181,142
108,9
199,31
113,140
118,26
124,85
90,103
86,130
93,124
87,25
55,83
155,97
97,188
158,182
145,90
84,89
167,2
45,55
113,140
137,21
60,21
37,11
137,199
86,44
106,141
11,133
186,109
80,70
70,22
76,53
17,177
36,42
29,138
2,89
125,143
192,187
9,103
60,14
138,64
7,139
99,165
75,44
91,39
131,93
1,89
80,118
159,172
52,162
51,173
92,167
8,190
136,9
196,99
15,12
32,170
177,185
21,52
78,9
34,16
86,96
130,130
167,121
63,32
194,17
79,139
180,119
102,168
132,127
63,118
191,40
98,81
7,34
126,69
88,122
15,6
90,51
141,179
13,68
194,147
138,83
173,105
145,135
172,54
27,6
99,193
87,42
31,118
108,172
76,165
115,62
146,102
148,178
158,24
25,9
76,25
106,142
21,114
31,99
43,199
192,69
122,107
176,7
35,23
107,0
165,157
99,130
66,64
24,50
141,180
197,84
193,150
38,45
186,175
125,11
195,20
46,157
193,36
61,95
173,87
16,71
3,46
167,44
184,56
92,115
156,158
37,143
142,6
84,96
32,86
18,163
121,166
53,12
199,76
1,199
35,107
158,64
161,107
41,74
29,133
190,29
79,28
147,38
16,107
161,194
146,188
53,102
27,90
20,46
194,51
194,132
80,180
154,78
119,159
51,88
176,79
166,112
5,5
145,109
83,96
83,135
117,173
194,148
126,132
140,78
126,72
114,47
61,56
8,161
5,119
49,140
33,61
126,134
73,158
91,92
188,128
4,26
16,145
144,77
56,38
111,189
182,18
196,122
117,185
84,110
29,67
104,139
86,184
196,48
54,29
186,12
171,31
42,77
122,36
153,31
155,187
61,151
187,127
91,134
59,190
78,198
182,164
191,41
79,13
49,126
41,113
42,103
78,105
6,187
36,151
56,131
165,111
98,14
100,104
177,137
11,16
51,154
95,112
176,9
141,59
62,112
172,78
145,16
146,75
36,149
2,182
0,34
19,41
135,194
61,67
12,25
78,153
54,7
108,51
191,0
91,138
59,63
61,61
105,34
163,91
189,38
89,50
5,170
153,82
6,154
171,2
86,153
3,88
35,178
181,196
161,151
5,124
168,106
108,42
21,180
2,76
62,110
85,53
83,184
16,66
169,26
142,182
170,4
89,122
111,139
33,100
64,25
159,179
46,127
150,39
70,197
81,186
190,11
106,71
149,3
54,16
184,153
146,164
132,125
77,35
146,90
124,52
90,63
0,191
34,100
35,7
12,181
75,141
142,192
74,152
190,31
99,168
189,92
31,141
129,195
53,99
191,157
39,47
68,169
25,96
190,46
149,184
173,56
146,117
141,72
139,23
177,11
58,104
10,165
70,64
64,194
186,44
131,14
119,187
68,77
69,67
9,178
168,28
13,191
123,87
190,75
121,22
74,29
105,146
29,134
105,58
87,63
102,50
124,33
113,144
150,80
42,123
142,159
9,164
115,85
80,170
1,114
99,114
164,52
58,11
154,192
41,91
54,159
172,82
114,193
10,11
38,25
184,85
53,19
51,148
11,189
55,93
100,134
48,136
16,0
45,100
115,111
163,55
102,55
134,117
118,90
114,84
167,68
95,89
51,197
117,42
140,117
151,165
10,114
153,136
34,123
38,130
177,179
17,180
176,175
31,166
141,55
31,11
192,89
51,131
175,186
58,66
164,163
50,36
82,59
44,154
99,168
160,75
27,121
166,115
168,138
5,168
20,160
151,157
196,129
62,143
98,56
105,84
75,140
134,124
198,46
89,168
24,97
30,54
3,161
167,157
105,125
51,122
29,4
165,42
170,166
41,35
0,114
128,56
14,19
121,48
15,114
62,0
26,42
159,149
188,85
125,38
75,8
22,67
92,41
4,79
59,34
97,101
54,44
136,82
74,58
168,99
45,69
40,13
168,128
136,152
137,178
85,127
9,28
95,170
177,31
39,138
7,143
86,116
112,66
174,23
135,123
153,184
1,146
53,134
107,54
189,40
165,153
23,190
21,107
173,49
14,70
93,119
89,188
195,52
102,193
10,171
186,135
187,43
30,107
97,109
167,174
12,103
31,71
57,108
3,147
182,83
184,173
95,28
181,173
181,166
151,84
164,69
12,37
15,158
15,1
24,61
179,140
118,117
176,54
77,101
76,6
146,10
23,25
160,21
40,187
115,140
86,176
10,148
180,96
38,162
31,36
96,26
160,49
130,57
45,116
144,122
16,172
115,119
156,100
107,103
83,156
93,181
69,12
187,68
13,34
174,76
138,113
29,48
67,56
96,52
150,60
38,152
18,39
64,99
30,102
155,6
164,190
82,52
142,150
147,148
84,19
89,130
14,52
197,28
4,140
43,25
63,142
103,58
191,13
185,34
122,7
129,9
189,118
178,140
150,199
57,191
9,55
91,174
9,90
49,166
191,173
46,51
158,187
3,165
113,117
47,120
144,199
36,192
108,195
175,21
122,29
94,90
83,70
52,179
63,132
181,158
96,177
97,176
62,32
144,109
194,102
193,169
141,33
57,99
26,38
126,128
136,79
183,61
44,168
1,164
93,136
197,128
82,104
47,77
184,189
34,122
46,117
163,48
116,140
33,3
195,70
8,194
41,115
22,147
170,23
91,67
170,37
113,145
124,43
12,72
29,116
150,136
0,89
74,101
66,99
143,47
54,81
170,168
21,109
107,157
11,88
150,65
73,199
108,16
132,14
191,136
190,132
145,176
167,111
150,78
41,74
124,61
119,33
180,119
65,67
68,4
199,129
104,191
92,5
92,182
42,33
42,15
89,115
156,69
32,179
198,193
84,41
157,159
12,67
135,43
100,188
183,125
155,160
132,193
169,175
158,183
132,113
100,53
34,21
15,9
136,110
165,36
124,141
91,156
135,130
141,98
102,188
199,48
2,60
97,124
0,40
64,94
77,1
68,121
67,85
17,59
79,36
87,35
143,51
31,67
130,126
142,153
105,133
22,1
181,175
55,128
36,88
136,24
93,127
11,14
101,173
63,61
141,79
87,89
138,87
25,162
34,32
55,197
58,90
70,66
4,181
130,58
148,85
31,9
92,130
139,7
39,93
0,98
81,141
75,58
57,168
71,27
42,23
66,74
6,30
93,82
6,108
24,68
53,190
13,137
83,195
79,124
198,119
90,19
108,132
84,2
198,186
60,39
159,55
87,44
151,193
182,57
44,88
199,139
47,195
188,187
30,36
140,143
102,199
43,70
126,144
41,50
62,196
42,55
189,83
198,46
156,154
191,21
150,15
109,115
9,54
22,194
79,183
199,128
136,199
23,198
62,71
160,115
110,29
10,6
188,43
111,165
102,57
150,187
112,84
36,114
111,156
92,62
1,76
137,104
110,60
199,162
96,49
80,184
149,100
44,77
5,168
89,83
150,189
85,139
169,115
169,32
92,112
159,58
64,67
80,95
113,97
28,135
63,19
134,107
108,6
35,123
85,1
188,151
106,187
103,32
42,152
108,2
52,13
135,76
33,125
178,135
184,91
110,97
11,183
50,101
25,74
61,86
194,25
92,182
64,4
119,49
78,48
38,127
40,76
66,13
9,160
60,121
98,111
83,25
119,69
67,138
75,195
94,140
12,18
80,56
77,161
45,52
168,133
135,196
100,152
12,149
133,168
0,123
52,3
196,107
79,60
129,127
46,138
133,110
158,44
187,75
152,83
111,22
175,62
110,198
33,88
80,95
112,133
78,94
32,196
151,180
38,110
14,84
166,22
48,196
73,131
185,39
30,90
179,117
184,151
102,75
61,59
177,65
155,68
153,34
140,4
152,112
156,75
82,187
103,4
148,168
98,141
1,160
123,145
77,96
107,116
144,129
27,74
199,131
100,48
61,99
17,145
189,98
6,67
49,67
118,147
70,37
120,91
71,21
62,7
135,52
165,14
125,130
63,63
114,18
65,178
104,86
186,156
176,80
193,8
90,135
64,20
180,121
124,30
157,71
115,105
173,39
82,195
111,77
148,25
197,11
53,19
44,56
83,93
104,93
147,68
115,183
101,62
0,89
199,190
11,45
9,10
112,111
41,36
47,33
141,187
177,148
18,98
43,103
42,169
9,8
105,94
33,93
102,143
173,153
119,33
17,55
148,51
156,137
51,30
32,6
147,41
49,121
55,57
174,121
182,35
4,182
157,81
49,106
128,91
168,138
141,20
61,131
194,141
66,107
68,22
104,77
171,69
196,121
34,85
98,35
188,195
188,188
147,43
69,113
101,49
115,79
70,65
147,122
3,1
71,198
136,107
192,191
28,102
140,48
32,143
50,83
68,190
63,122
145,131
28,19
171,42
188,181
118,178
131,107
77,143
89,30
37,93
188,25
113,31
70,35
52,193
54,31
55,141
103,69
131,172
86,94
160,159
98,142
98,143
83,175
120,46
50,160
97,37
169,32
94,101
66,87
18,46
134,24
35,176
152,52
107,108
96,9
13,124
185,79
17,56
101,167
26,33
74,128
9,162
110,72
60,90
54,97
134,9
199,113
98,81
171,111
107,144
171,169
181,159
97,125
172,3
93,71
155,71
184,65
190,154
135,63
71,5
92,79
191,79
161,196
43,157
15,163
110,121
0,123
107,152
71,197
101,41
26,10
159,114
87,122
194,4
64,156
78,67
27,126
157,132
43,30
42,75
17,144
21,175
129,141
187,123
72,64
157,132
31,196
24,147
89,7
8,110
131,93
142,140
117,130
66,9
143,27
64,159
187,88
45,149
6,82
1,97
169,2
139,41
99,8
140,180
110,53
193,38
23,89
141,60
36,79
19,89
62,90
16,13
134,137
76,144
187,150
28,149
29,61
20,28
72,90
29,130
120,157
141,74
177,137
148,171
47,185
113,117
178,22
13,76
25,71
183,46
101,162
106,102
82,40
140,92
99,83
65,35
140,18
174,142
152,190
11,62
190,36
195,176
165,52
136,165
20,102
50,18
50,120
51,107
97,171
44,110
27,69
81,131
126,28
1,53
28,16
151,73
182,21
156,160
73,86
98,132
145,63
34,56
176,39
63,158
131,63
130,86
83,94
159,146
135,197
25,6
90,73
173,134
108,165
73,185
15,66
196,18
193,80
93,129
61,188
161,40
58,185
84,126
25,183
137,186
39,72
118,119
48,22
121,163
7,113
79,23
151,4
102,143
63,166
143,175
29,132
32,155
48,155
174,23
139,43
141,164
131,98
132,79
98,131
87,185
84,95
62,53
92,89
111,148
83,24
73,108
63,93
5,76
186,104
50,121
107,47
168,135
3,188
24,65
187,88
107,75
21,11
119,42
128,173
186,54
73,158
27,155
5,24
30,4
95,13
66,21
118,4
91,55
189,171
79,142
108,17
13,55
110,129
30,103
100,158
91,71
199,101
114,93
97,3
12,12
111,46
157,93
89,144
163,6
35,139
197,13
164,47
36,115
1,199
67,15
35,12
50,194
131,193
40,33
71,56
186,74
171,109
56,118
98,142
57,137
149,169
125,25
68,100
58,24
92,70
160,147
143,21
55,20
86,23
111,20
26,138
50,79
198,32
177,168
28,83
110,46
101,18
1,130
12,146
141,186
35,113
133,178
85,110
8,111
79,166
78,107
99,112
147,120
72,70
30,161
33,133
99,147
112,78
16,178
54,152
72,7
132,124
60,143
106,31
45,99
173,146
131,139
112,58
119,197
100,17
92,28
182,87
151,159
9,184
89,2
112,52
176,22
139,123
122,18
150,199
58,1
182,1
165,27
25,13
61,88
88,118
96,80
124,150
124,149
20,93
106,101
177,16
79,140
65,22
173,89
135,157
153,115
188,130
5,181
142,11
135,73
55,98
39,60
133,112
9,41
68,191
66,67
152,169
128,119
166,146
0,47
151,196
22,79
18,108
174,100
14,144
108,176
189,87
110,28
158,118
101,125
91,76
18,73
29,100
46,124
198,55
120,76
66,113
95,75
52,194
160,140
94,57
195,10
35,118
100,151
167,104
122,59
99,87
12,44
161,123
141,97
30,163
152,41
180,33
176,52
35,106
184,50
79,86
167,84
168,84
172,5
9,175
124,131
142,16
88,91
199,124
137,139
41,91
142,64
144,183
128,100
45,93
195,13
171,135
75,150
7,37
199,175
89,114
99,56
138,126
153,72
177,8
169,117
42,143
86,19
124,98
58,3
3,139
103,92
146,90
61,11
15,160
40,68
18,116
65,172
104,108
136,108
130,126
23,21
50,193
83,76
29,133
57,164
154,51
185,110
75,148
143,191
192,174
176,72
122,89
117,63
185,93
183,113
105,72
54,62
114,84
179,163
96,197
12,81
81,21
105,167
63,2
11,8
39,119
186,149
42,28
167,24
178,164
36,30
36,131
39,125
190,156
10,56
102,177
26,100
154,125
49,42
140,51
92,54
138,19
157,90
69,59
131,127
190,67
106,138
66,100
23,127
136,168
188,7
177,153
114,56
52,191
47,25
33,94
149,23
16,122
167,29
30,37
192,145
50,179
180,112
90,50
114,57
90,139
11,27
118,187
45,86
38,196
162,147
42,80
85,51
117,187
125,7
152,0
26,149
151,148
13,60
49,195
175,40
61,42
34,80
1,101
135,156
93,84
127,12
37,133
68,151
17,137
191,27
83,52
19,148
74,151
41,199
145,107
45,173
95,113
164,52
42,24
173,154
20,193
126,89
119,19
2,68
128,169
0,60
195,124
166,63
123,190
85,88
139,171
138,174
175,0
86,44
18,174
95,53
34,111
79,12
134,16
128,54
44,195
116,48
58,86
172,105
96,194
190,147
47,55
1,70
63,51
142,63
6,96
71,102
60,84
1,59
79,82
37,12
156,82
136,169
33,43
164,36
155,35
41,24
151,47
22,171
191,154
49,197
157,37
171,109
178,89
44,38
116,127
179,132
22,9
27,106
153,167
66,187
17,138
193,186
183,99
48,67
27,138
141,136
39,187
67,57
62,62
146,31
10,168
89,6
3,122
158,165
48,16
8,72
159,169
71,22
180,136
178,151
55,64
139,9
65,11
27,44
176,43
30,19
150,83
182,140
30,82
184,126
19,194
36,161
133,83
127,197
59,99
102,96
83,19
71,13
126,8
16,106
100,159
44,79
46,132
9,83
57,11
125,103
143,20
8,46
69,172
28,196
152,155
76,10
89,164
87,149
111,107
73,173
141,168
91,142
37,137
63,22
25,172
90,62
16,130
37,100
115,20
182,19
166,123
94,97
95,146
195,60
119,54
27,101
108,60
43,97
43,158
62,95
12,144
140,185
157,52
100,2
56,156
88,18
4,194
190,121
54,171
132,66
49,102
166,125
77,143
120,160
138,50
173,50
63,5
184,194
78,88
57,194
36,166
95,130
11,8
181,10
22,96
181,78
14,106
184,16
5,105
164,28
63,153
76,83
120,71
32,103
29,82
32,152
170,95
67,68
143,27
167,144
5,23
154,23
63,26
122,75
12,193
187,12
74,119
110,18
130,78
153,142
48,94
29,127
104,101
128,140
100,122
99,82
102,152
173,14
85,93
62,162
51,120
24,65
28,167
125,20
173,36
77,98
88,196
74,70
111,61
160,180
11,162
2,50
111,164
118,26
129,127
70,171
70,191
40,63
78,1
157,51
152,134
84,12
34,76
40,182
13,163
140,59
34,128
106,115
185,79
95,62
111,111
55,142
70,3
128,3
186,36
118,85
120,122
104,117
66,90
96,104
123,51
55,191
119,180
160,167
38,43
0,163
161,147
39,64
25,58
105,28
125,188
177,129
20,24
179,194
22,135
93,135
8,130
191,78
122,43
126,1
35,10
16,183
34,64
80,78
139,15
85,180
60,25
143,58
129,28
45,93
136,154
49,105
119,171
0,96
128,135
198,151
65,26
131,91
150,155
147,168
184,45
49,163
107,133
96,154
118,3
79,54
103,37
31,47
13,42
157,61
169,193
25,18
154,127
131,64
79,106
116,123
149,56
169,72
30,147
11,52
102,144
27,49
171,3
74,110
56,65
42,166
166,190
100,7
116,119
8,143
174,168
160,36
106,126
153,181
154,161
48,26
74,54
70,195
95,84
163,23
141,95
166,58
189,117
90,36
108,89
121,44
31,126
97,4
138,44
86,144
186,66
189,44
146,78
146,120
184,1
127,48
32,82
147,94
172,70
72,169
131,117
105,95
167,170
106,64
20,182
171,184
41,132
22,87
134,59
132,75
5,66
47,186
58,101
65,106
0,178
4,37
156,93
7,100
21,41
106,89
173,52
98,44
99,181
145,166
109,173
0,141
185,110
139,109
122,12
70,18
32,94
142,40
40,4
75,196
104,134
15,119
117,160
85,194
48,51
18,4
175,75
40,164
113,199
168,132
91,56
19,127
6,197
179,84
123,171
115,23
166,72
115,55
26,122
57,117
62,113
177,14
152,87
51,32
67,110
111,86
140,188
148,57
197,133
116,54
66,116
24,54
197,122
130,198
40,9
2,76
45,5
86,154
139,180
126,122
16,52
43,27
117,196
6,123
69,116
14,33
32,25
172,110
19,61
84,37
124,174
103,85
37,87
21,81
196,89
0,180
33,133
24,100
123,127
93,77
3,93
38,13
2,73
196,190
5,42
40,67
178,11
44,50
11,140
76,182
94,78
125,148
111,29
53,86
13,96
157,115
71,117
147,101
31,4
114,166
104,107
187,25
37,132
138,184
89,26
21,146
127,17
142,10
149,13
165,25
90,34
77,94
127,160
71,127
135,31
44,105
26,143
100,189
195,61
172,70
18,11
58,100
28,103
42,38
102,157
168,189
191,156
77,119
150,110
168,186
144,110
32,152
135,116
178,132
18,157
35,40
81,127
174,90
93,183
58,109
19,61
194,61
185,119
6,67
18,0
178,40
150,66
32,24
159,162
7,158
17,85
164,113
103,120
113,54
53,9
15,68
70,195
174,30
106,171
109,42
82,53
159,115
97,22
186,125
137,101
14,160
187,183
123,83
114,169
34,193
65,88
33,38
127,69
88,63
41,147
49,172
157,172
182,170
158,16
162,127
166,143
84,89
112,22
0,0
95,95
177,116
83,134
167,50
51,118
46,192
175,28
46,114
177,59
18,44
61,49
2,35
28,101
49,98
189,139
74,29
137,117
164,187
90,144
63,46
38,13
22,141
57,78
81,108
173,147
116,19
175,152
154,29
112,49
140,179
160,12
2,61
14,5
58,135
176,73
129,97
74,59
151,184
148,120
105,188
101,130
29,183
74,5
160,110
95,116
28,91
157,120
179,131
102,62
49,55
194,64
86,124
62,102
53,114
1,48
199,185
162,110
137,128
99,142
82,15
103,169
50,186
108,116
75,125
84,177
66,28
96,133
171,127
49,37
64,165
64,3
22,81
2,88
56,79
160,153
73,183
74,151
150,17
146,33
170,161
61,36
26,1
161,143
47,87
194,72
111,90
84,42
23,98
83,6
91,188
27,25
80,37
162,185
117,107
69,78
103,132
181,172
96,124
85,23
123,104
125,92
20,23
192,169
71,156
171,44
36,127
74,42
102,119
45,81
102,74
51,100
41,86
49,91
78,189
61,187
81,11
0,83
135,183
155,192
48,14
186,135
4,137
93,198
88,174
15,58
167,24
79,124
31,85
0,48
58,130
67,76
170,71
32,3
18,24
107,107
35,97
164,12
135,134
10,163
40,186
179,78
91,103
112,89
158,162
174,96
138,50
30,4
155,20
102,12
171,154
42,1
64,21
115,161
70,101
144,136
63,108
82,48
199,92
138,39
130,28
101,189
94,117
174,134
138,115
155,31
170,96
43,112
37,158
182,123
23,191
62,54
80,11
142,166
187,26
143,6
160,83
187,71
140,35
168,84
107,7
192,35
13,182
11,21
87,180
23,91
166,157
50,191
136,83
177,72
79,100
196,78
115,127
191,193
35,102
145,121
146,70
149,45
44,143
165,46
108,185
145,6
112,35
184,135
161,195
41,125
76,156
64,35
54,193
115,29
190,21
175,122
47,126
171,189
109,86
171,153
126,179
165,61
6,51
178,113
124,22
96,145
98,127
51,12
24,62
71,85
179,155
186,144
124,10
89,190
22,106
187,161
118,171
54,49
24,7
52,73
8,13
74,154
122,111
196,69
96,158
178,76
143,7
113,176
76,23
139,56
122,85
127,22
167,102
126,18
120,48
152,176
0,64
65,86
114,166
103,14
57,18
96,165
61,109
45,170
168,39
128,39
96,63
38,26
37,126
28,61
141,183
178,26
70,95
78,160
69,70
185,4
134,104
37,145
186,108
114,136
78,101
168,49
25,137
65,73
123,189
172,13
13,39
68,83
15,171
186,100
142,108
117,62
154,109
40,46
13,179
68,152
54,2
13,101
121,183
94,47
30,193
72,189
69,146
181,159
91,159
92,93
169,46
184,12
155,196
178,92
168,83
106,58
55,89
28,93
147,23
71,109
166,48
107,164
178,113
168,114
135,6
58,24
119,99
77,115
80,114
170,64
126,84
102,43
177,127
105,67
16,50
148,36
111,160
17,160
53,91
120,130
126,111
49,125
108,61
45,11
107,129
27,164
194,35
90,26
74,63
124,74
82,116
119,65
53,28
123,167
68,112
31,10
156,86
114,79
30,31
2,141
151,112
111,18
159,186
69,106
135,118
199,149
2,109
181,82
117,43
77,68
168,154
36,166
25,112
191,171
54,86
117,36
32,55
131,186
144,23
144,193
47,196
30,169
156,195
141,160
29,39
189,47
107,152
1,67
57,136
148,23
116,191
127,1
181,72
123,65
149,143
157,146
62,180
36,127
167,39
4,124
3,40
49,163
128,164
29,71
175,42
147,31
31,132
14,179
21,177
47,37
163,69
129,51
142,143
35,44
33,180
57,193
192,54
193,14
156,123
49,79
95,188
16,64
147,29
44,172
65,22
167,184
59,161
27,27
10,109
153,79
75,3
61,166
68,110
88,90
47,6
168,148
9,122
90,196
38,149
169,57
55,122
115,84
180,87
199,29
190,104
27,22
73,166
33,61
186,35
75,173
146,137
166,72
177,175
137,193
54,150
83,142
163,81
129,108
135,177
42,106
164,58
120,176
187,158
171,186
129,107
150,90
49,149
89,8
111,10
70,75
174,161
123,55
80,113
129,39
178,70
85,24
69,119
67,195
1,103
81,39
156,159
123,131
40,34
165,130
148,72
181,183
99,80
81,161
163,54
41,124
108,19
191,32
188,167
90,76
176,102
75,176
196,173
68,97
108,153
146,6
68,86
176,197
100,60
168,145
64,182
85,121
14,138
193,2
60,83
174,23
76,28
30,17
102,170
7,167
139,93
29,140
60,146
118,165
12,2
116,119
18,15
49,190
56,75
80,56
117,191
31,171
111,142
32,31
199,193
78,22
184,144
149,51
153,46
180,36
38,66
34,139
187,130
166,126
11,132
104,100
31,187
14,19
123,179
155,166
110,117
56,186
176,176
39,38
67,147
57,161
121,140
129,161
56,114
90,4
73,14
194,41
112,195
99,137
30,151
178,32
61,51
64,70
47,20
55,53
185,194
64,134
24,9
84,116
105,99
193,78
74,47
48,187
66,127
80,175
10,62
197,58
110,73
66,171
113,110
63,53
13,105
16,136
162,49
151,73
99,19
34,51
140,77
26,187
197,29
100,69
7,91
166,127
151,10
93,174
123,136
46,124
102,27
27,132
73,95
85,191
173,82
171,19
67,164
81,91
8,199
55,122
44,153
3,166
181,44
88,94
165,110
188,65
35,153
124,135
135,94
65,103
127,135
52,68
25,22
33,13
150,24
64,115
197,121
43,133
84,106
198,3
50,143
193,129
142,75
83,32
84,150
197,57
88,54
143,77
8,123
7,127
76,69
103,191
186,159
42,6
57,108
46,65
39,106
102,199
170,198
185,197
149,18
13,137
69,123
175,193
35,91
80,89
170,103
146,171
42,199
159,102
148,138
70,49
110,166
190,100
171,82
85,103
153,49
20,73
87,127
22,146
128,170
51,17
123,132
50,105
65,99
50,198
97,52
98,132
154,196
148,103
103,118
155,106
66,119
60,99
198,198
181,182
101,128
120,113
66,59
50,139
95,109
165,124
47,194
156,126
60,11
136,199
182,111
80,16
101,187
193,66
14,19
51,134
190,60
42,51
93,70
143,119
184,116
103,81
98,8
40,72
110,109
98,103
58,19
19,83
21,69
197,146
197,62
157,36
193,95
70,8
30,99
145,36
52,24
97,73
114,145
92,141
101,53
129,87
165,142
137,184
93,113
62,148
192,58
195,173
48,150
167,198
31,142
98,175
197,36
26,169
164,35
23,32
52,138
39,192
98,70
95,27
124,93
67,135
141,119
114,167
102,154
129,149
155,101
162,87
5,88
179,48
156,159
169,20
146,107
120,147
164,186
18,123
4,144
54,141
31,137
133,68
141,97
147,108
191,170
194,1
147,121
81,196
93,69
185,105
190,131
73,2
127,5
31,119
150,60
110,180
184,107
62,47
186,75
137,90
104,113
75,116
28,127
14,75
132,178
155,157
86,18
171,129
33,127
150,183
144,193
14,15
39,112
150,143
117,34
133,171
89,89
186,149
55,118
14,175
174,8
67,143
109,86
57,135
1,115
107,198
132,102
75,173
192,43
115,133
165,39
6,156
172,181
134,158
199,193
132,194
161,121
139,57
189,87
101,5
191,10
186,198
52,125
195,98
132,7
91,171
133,179
91,63
78,90
127,2
108,89
5,78
159,67
115,69
50,153
121,130
187,191
137,50
20,165
96,134
139,98
143,107
82,60
198,90
132,6
8,165
85,59
177,143
122,195
38,41
113,125
175,140
127,27
43,138
94,96
181,90
110,168
78,19
13,77
18,79
18,103
121,67
94,136
56,71
10,23
2,45
100,102
38,126
62,88
41,195
94,35
168,13
182,129
49,153
29,6
175,0
51,106
84,40
144,157
20,9
71,70
25,154
136,69
154,107
126,188
92,115
133,32
159,173
81,162
144,89
195,185
80,62
195,89
124,152
22,82
195,159
3,115
111,111
151,86
48,71
94,68
132,9
91,154
130,71
160,103
152,51
152,83
62,181
170,48
192,186
38,20
81,166
171,165
77,121
105,81
61,56
195,62
184,148
59,28
51,103
84,68
115,54
174,152
166,98
185,42
138,132
41,87
156,109
189,77
72,114
127,162
165,136
22,14
183,54
67,91
160,14
50,42
138,37
81,45
194,109
195,56
18,49
199,137
123,99
153,184
71,10
198,156
55,40
115,150
132,56
80,135
163,65
155,57
66,16
111,198
180,154
90,176
116,20
140,107
113,113
54,88
169,95
60,188
163,110
195,158
65,140
107,122
192,135
37,17
173,166
72,96
144,154
170,7
155,127
5,78
8,85
95,81
38,175
27,86
105,95
58,172
166,62
192,188
112,199
79,146
17,33
69,18
132,35
92,96
129,156
165,106
67,39
156,22
177,115
139,77
66,131
168,89
60,68
122,181
106,19
73,6
74,119
159,142
51,176
88,128
15,181
151,96
180,163
125,28
73,65
23,169
0,121
83,108
55,114
29,97
128,115
150,157
36,140
150,78
80,184
108,23
56,185
166,195
92,151
6,4
181,146
193,180
31,97
106,41
74,19
43,46
158,160
24,63
163,32
80,28
170,36
91,163
43,60
129,9
71,71
183,6
129,8
129,192
65,46
194,85
40,116
43,108
76,6
104,34
37,109
125,112
19,67
188,11
192,175
104,114
16,80
68,44
25,62
143,22
104,127
53,14
194,89
4,5
36,195
132,13
167,91
8,149
85,46
59,57
39,3
154,153
67,68
15,150
153,66
55,155
124,11
53,87
15,190
191,1
64,19
133,163
10,191
19,95
38,118
125,47
71,178
139,60
156,45
39,161
117,26
136,51
151,96
122,115
77,49
36,136
176,41
28,166
58,147
109,152
136,88
33,93
136,199
7,130
127,80
118,111
6,52
17,121
62,139
163,160
190,90
168,197
46,190
100,70
55,193
32,135
55,31
3,94
42,190
49,129
143,31
143,76
121,121
135,137
150,73
74,115
20,67
31,38
38,191
27,21
75,83
47,93
69,114
144,169
67,94
131,134
143,139
128,125
108,197
105,64
153,5
87,143
111,35
66,93
190,99
97,95
4,32
35,26
121,52
188,11
195,160
192,128
0,165
38,64
132,85
114,186
166,42
139,106
189,154
178,176
180,38
191,42
37,31
120,49
48,43
13,189
106,195
190,159
93,132
173,1
4,49
99,144
162,17
56,3
177,167
175,57
50,174
32,69
125,88
184,26
3,115
83,198
60,72
151,156
116,146
9,107
124,146
1,171
124,67
43,28
87,57
187,5
147,137
93,199
9,12
76,194
16,80
163,166
74,12
171,127
68,11
14,176
56,45
60,43
32,146
162,59
31,140
192,152
176,119
174,85
162,175
115,48
181,94
37,93
33,85
143,47
138,102
87,26
179,3
167,138
139,195
9,80
33,110
185,64
57,89
30,105
148,150
38,118
2,198
42,155
4,9
101,0
19,120
61,14
116,144
98,72
190,174
70,129
82,140
47,123
93,160
38,11
87,157
8,148
122,160
89,180
30,77
85,185
59,92
138,98
59,92
163,11
146,13
116,104
118,30
120,35
54,80
47,49
133,40
128,99
115,121
57,65
78,178
32,70
1,125
121,69
33,60
75,83
75,41
36,51
74,172
139,116
152,190
67,179
56,15
48,53
104,52
8,192
19,30
174,141
49,112
144,56
5,155
57,57
130,17
190,11
108,178
193,75
104,175
107,189
153,135
125,122
39,196
165,11
144,26
195,66
7,93
145,159
160,72
47,58
182,52
108,41
103,92
62,69
166,3
158,139
130,12
119,97
138,5
44,48
99,139
6,86
81,5
47,82
183,66
3,115
70,80
128,67
34,92
195,182
53,26
50,82
184,99
14,47
40,70
57,3
82,159
18,79
136,154
105,92
154,159
106,89
176,157
131,112
192,89
191,107
5,86
52,70
36,155
80,128
184,39
30,127
86,9
118,27
177,2
52,61
63,32
6,140
184,100
11,134
2,58
146,166
157,80
81,53
134,23
1,153
135,75
119,112
67,173
191,111
194,42
117,33
134,108
193,167
74,17
34,158
150,73
141,143
127,110
119,187
185,155
55,62
99,47
19,181
122,32
99,68
94,89
128,138
197,142
58,143
79,60
157,52
127,71
62,100
29,140
86,157
110,88
15,182
145,78
141,67
141,130
37,197
124,163
49,20
106,96
182,172
29,182
156,81
17,199
173,199
15,39
171,177
196,93
126,150
179,18
139,92
30,73
80,113
2,31
68,22
99,168
123,104
128,102
192,38
21,22
40,144
55,126
162,133
114,60
132,79
188,199
139,71
100,119
126,163
169,76
183,196
168,125
30,146
130,82
55,116
125,44
19,67
177,49
166,44
10,85
103,110
182,75
66,95
39,0
173,197
147,26
141,178
178,93
153,177
90,6
53,41
6,13
17,128
27,78
106,169
176,106
173,189
116,10
83,27
122,16
12,76
95,0
145,135
80,21
130,41
30,108
65,174
95,3
31,128
49,114
1,183
53,175
173,16
111,73
36,145
70,39
154,109
58,21
158,68
71,74
110,144
142,179
188,63
161,82
148,1
158,197
156,111
17,134
86,85
69,198
47,63
109,190
61,96
118,39
6,199
155,72
60,107
129,29
150,111
101,118
12,180
169,69
67,52
78,93
56,181
131,111
101,12
158,34
156,133
172,169
4,134
145,22
150,125
196,198
31,82
148,188
154,128
61,143
18,182
16,4
181,38
79,183
37,107
4,132
53,192
159,183
176,177
60,12
40,156
85,150
64,61
55,162
197,38
28,150
101,184
199,119
9,69
145,189
7,146
109,39
17,149
108,117
184,167
107,113
16,193
31,102
60,64
32,163
168,136
116,46
162,57
95,180
159,122
176,169
35,99
145,68
72,109
116,148
186,45
20,113
47,104
145,72
69,187
142,125
165,28
150,197
169,145
1,21
170,195
33,135
11,30
176,22
180,150
141,131
114,152
17,71
193,133
12,181
199,48
150,119
72,196
81,149
98,178
103,68
21,182
41,141
26,144
165,167
56,79
106,123
147,95
132,181
54,95
5,43
142,51
2,53
168,102
24,94
134,67
55,79
186,57
145,136
36,146
76,79
158,7
164,105
85,28
112,18
119,87
41,12
181,14
94,6
61,129
182,53
190,182
26,23
148,92
74,101
97,40
152,133
39,102
118,62
8,171
138,59
60,190
131,168
61,103
165,99
197,26
122,48
171,60
104,44
197,128
92,187
164,186
96,91
132,4
151,9
93,4
175,26
195,33
138,107
123,33
12,0
174,166
148,143
172,121
109,198
59,192
91,142
80,182
83,56
13,0
146,112
167,145
152,96
27,135
12,22
40,175
15,3
22,96
12,190
61,93
158,95
60,161
68,84
40,56
24,169
25,166
162,45
138,90
64,66
170,58
143,92
162,24
4,47
20,112
24,68
111,174
38,52
183,123
44,75
187,191
136,134
182,101
180,199
45,187
115,187
100,13
36,171
1,191
1,195
29,191
132,67
117,194
85,73
67,45
149,19
199,120
26,39
79,156
197,94
71,131
159,171
189,163
83,67
150,10
144,60
86,110
74,124
163,142
112,157
123,8
117,121
36,198
67,111
127,75
105,177
82,34
16,94
11,22
45,12
130,10
178,188
103,67
2,148
193,36
146,112
134,138
39,90
111,83
195,24
82,127
95,10
172,134
121,99
137,76
144,17
175,193
164,92
25,111
163,132
118,173
26,45
196,144
158,99
148,6
104,7
41,58
92,9
104,170
159,25
35,95
14,16
133,57
84,41
133,78
196,21
33,37
74,78
101,196
45,71
83,51
68,124
34,103
177,40
195,14
58,41
8,184
44,20
192,76
16,182
30,29
167,80
134,100
93,139
62,186
61,1
36,60
109,77
105,192
182,23
131,169
107,84
16,87
178,127
152,77
10,79
35,21
31,123
198,38
159,150
138,119
5,3
83,89
91,169
129,164
133,194
117,95
170,198
195,169
137,6
105,109
32,123
101,39
39,143
27,21
190,48
82,187
62,196
28,175
168,125
18,82
146,155
34,186
116,127
177,187
162,63
63,63
17,80
117,51
149,11
149,76
11,44
67,66
90,88
118,11
115,146
145,83
133,115
97,18
116,195
78,89
24,4
59,76
61,112
145,89
140,95
5,67
24,184
145,120
166,176
116,117
141,193
141,98
168,163
117,188
167,180
112,99
72,127
31,92
177,3
171,181
121,102
39,42
175,163
30,199
183,175
88,48
154,192
175,165
32,160
108,160
119,85
1,185
138,177
103,128
14,18
39,107
174,61
127,198
24,149
24,122
102,90
145,136
176,174
134,94
191,187
128,71
112,127
167,84
41,111
56,34
82,25
164,159
96,92
113,2
141,73
87,10
190,46
196,89
150,42
29,66
123,172
197,160
105,113
74,59
4,131
140,85
71,195
29,183
103,98
178,36
114,199
187,127
14,1
11,25
166,143
140,41
97,28
149,163
2,188
75,3
171,53
130,96
18,49
152,180
160,123
118,37
122,157
137,148
115,90
177,149
48,160
81,182
94,57
127,78
88,179
177,54
3,145
58,9
85,174
114,190
96,41
137,182
160,185
39,95
120,28
17,29
22,101
32,5
137,184
162,105
125,80
35,108
121,164
68,73
173,195
82,169
89,5
168,20
190,52
90,10
72,117
120,107
147,134
86,70
84,116
135,167
12,25
21,22
152,192
40,54
103,141
2,138
182,194
6,79
179,131
76,152
10,24
1,31
50,151
172,99
183,8
181,67
5,19
132,56
197,147
53,102
123,141
2,74
190,123
58,141
165,175
188,104
12,37
62,27
88,33
16,141
196,36
35,172
119,80
17,136
150,104
153,16
138,191
106,71
128,53
111,107
90,16
9,81
94,100
120,173
157,190
73,85
95,91
134,54
35,101
105,196
59,158
180,7
151,30
3,101
51,90
130,61
91,106
55,23
18,122
130,69
182,102
32,179
152,173
52,9
80,100
198,138
94,50
195,121
173,46
190,105
178,7
164,85
60,17
37,74
57,137
132,199
162,57
151,84
186,32
126,28
131,5
183,59
76,85
165,179
51,90
114,31
155,118
49,26
7,150
90,101
135,40
53,191
152,97
155,121
59,24
187,181
49,19
44,43
29,41
15,65
152,138
35,177
70,149
104,7
111,116
193,118
13,81
27,187
46,127
136,37
99,82
29,147
102,193
65,97
37,86
168,178
175,83
25,71
54,131
46,109
31,99
83,131
23,79
72,6
94,59
137,120
195,150
26,176
156,190
38,191
31,164
107,80
5,164
170,104
175,40
192,105
130,1
135,17
33,153
190,78
112,197
131,198
104,29
21,21
80,168
129,196
59,127
62,164
104,168
86,121
80,153
186,9
16,48
101,151
9,62
18,120
154,114
10,7
100,188
81,84
176,174
115,83
71,41
61,144
131,76
95,195
120,132
158,57
186,73
51,191
23,11
57,95
58,96
95,155
32,198
18,111
189,14
193,14
17,157
102,196
46,80
149,141
26,120
171,90
197,133
152,32
138,28
23,60
176,187
54,6
125,94
33,116
88,131
12,139
112,135
70,141
153,133
149,51
108,197
161,59
91,125
23,154
114,97
74,35
11,62
175,80
122,34
160,32
82,4
152,192
99,30
190,164
163,146
113,3
32,134
102,37
173,57
144,9
165,4
141,157
29,124
42,53
169,112
81,173
195,131
149,198
159,47
97,179
68,57
175,15
62,84
153,81
76,154
197,66
61,192
163,130
190,127
162,44
184,154
55,154
138,76
79,74
179,10
100,109
57,185
95,160
149,196
75,11
176,73
189,16
180,93
176,38
56,179
43,88
97,142
190,47
189,169
11,56
109,133
105,146
155,18
13,61
88,197
163,143
184,196
114,162
92,177
77,97
150,27
34,134
85,0
100,177
199,3
112,111
90,163
98,49
70,20
51,59
166,5
39,79
106,92
131,121
39,17
184,94
173,193
184,195
149,3
49,57
156,151
143,63
133,118
101,71
112,133
119,155
125,188
112,138
37,31
34,19
24,12
119,34
169,110
151,154
152,14
12,184
158,150
36,52
142,7
45,116
25,157
94,188
140,154
72,184
190,143
107,75
134,190
185,59
80,37
163,134
12,167
98,79
192,139
28,51
162,60
111,41
141,100
194,104
180,187
15,176
178,174
58,38
196,102
108,198
52,26
69,130
196,21
6,156
44,4
84,52
167,94
184,55
102,181
65,32
1,179
151,63
84,106
172,87
151,31
26,29
49,98
94,184
87,44
62,96
187,115
163,172
58,10
33,184
36,127
49,53
42,176
10,194
79,28
166,159
58,110
4,115
92,109
141,192
58,65
99,21
178,45
84,55
58,29
151,173
149,39
70,25
46,62
114,28
61,51
123,165
111,121
78,28
29,165
133,68
120,115
167,36
25,90
24,112
70,74
8,32
70,79
151,145
80,140
195,55
127,66
168,56
91,182
193,92
4,2
172,143
143,168
47,136
128,25
199,84
170,35
46,152
182,141
116,4
121,9
5,90
74,12
42,182
50,99
114,146
76,142
105,137
36,83
87,191
116,47
153,117
169,123
166,59
95,119
162,50
152,28
102,126
88,137
130,44
113,188
76,193
192,111
5,199
146,28
1,191
190,191
139,24
26,96
127,117
92,99
66,50
28,192
116,7
84,19
74,82
53,146
6,164
5,53
152,164
126,116
110,172
86,25
100,35
111,65
45,167
164,39
156,146
122,181
95,136
82,34
136,133
37,135
179,195
3,145
12,8
127,190
141,124
192,147
151,190
166,181
129,73
78,89
63,181
158,66
97,141
35,84
168,169
32,14
125,167
162,2
183,134
87,84
165,7
33,77
37,58
164,143
27,6
56,56
27,146
57,9
15,29
139,150
183,31
192,143
141,13
81,104
15,95
0,156
174,53
127,29
138,41
115,52
47,46
40,33
3,45
58,103
16,28
188,119
18,197
151,178
35,34
12,167
45,8
144,167
198,194
61,183
12,122
48,152
123,184
65,46
158,164
183,164
41,111
10,130
57,70
80,45
6,118
25,56
154,79
39,104
87,55
190,131
54,115
165,197
193,156
47,23
29,176
57,149
73,144
137,85
154,69
50,178
164,155
53,40
120,109
7,17
38,71
62,87
188,53
38,72
48,154
26,103
74,175
89,88
176,139
42,83
198,178
53,54
161,15
80,189
23,6
140,130
149,131
150,51
128,134
34,42
39,147
169,178
128,133
181,107
145,33
177,126
58,112
172,170
33,30
183,39
27,11
4,89
30,106
65,103
87,13
69,79
157,190
56,91
43,91
66,191
150,66
119,163
155,78
122,60
34,88
2,162
106,162
193,46
193,37
199,159
188,128
138,49
64,67
30,168
127,52
20,44
87,133
145,64
162,67
90,199
67,46
180,87
198,172
45,76
23,173
169,81
84,70
128,163
121,135
139,15
97,64
57,40
187,102
143,148
124,164
150,132
122,174
58,114
110,114
133,14
106,7
13,55
36,13
133,196
177,196
175,156
137,180
97,169
167,65
77,0
46,154
57,169
145,116
172,20
173,45
145,30
64,82
169,67
104,199
36,7
86,46
61,121
164,143
118,67
23,98
191,19
125,102
112,95
182,80
44,95
82,29
107,1
199,158
119,42
48,19
7,37
66,132
31,35
189,15
9,18
173,170
130,125
33,43
82,147
138,155
47,175
165,87
193,175
135,74
75,1
141,11
151,26
30,172
117,46
78,120
77,81
34,185
13,92
181,103
78,29
116,164
47,57
198,51
172,174
93,72
63,88
91,181
50,20
194,1
176,30
68,39
23,51
184,103
142,52
30,67
111,159
189,149
43,147
135,88
24,184
40,38
146,98
130,100
51,85
178,102
32,37
160,177
181,30
142,4
183,169
172,88
191,122
145,105
191,199
163,4
196,162
126,86
72,140
101,146
151,157
158,90
180,198
143,199
99,32
174,131
55,170
3,70
58,167
46,108
53,150
130,163
83,133
27,24
98,188
156,142
129,169
59,98
134,59
111,42
160,42
48,114
52,97
0,73
174,60
8,67
88,51
94,147
90,103
77,52
179,72
21,47
6,165
181,114
175,113
162,7
146,4
73,175
139,64
184,191
143,127
35,23
115,166
135,74
184,105
162,186
149,103
6,141
114,180
79,31
161,180
22,189
179,192
185,46
185,34
62,180
17,121
145,91
27,41
59,146
137,128
25,153
154,30
49,55
114,96
115,161
122,167
125,12
181,114
68,42
118,15
186,52
71,175
42,129
32,69
4,168
146,78
68,158
84,59
92,118
16,131
135,105
17,153
21,57
141,128
151,101
29,147
82,65
45,137
50,116
131,9
40,90
51,132
159,60
136,105
76,163
16,129
127,63
96,95
9,98
192,47
192,168
102,192
166,102
55,157
76,96
88,120
173,16
120,167
67,89
40,85
64,47
88,113
69,29
7,190
91,105
155,176
115,172
39,58
91,102
2,94
180,71
23,117
148,145
95,76
178,116
3,79
87,159
58,40
194,111
147,11
134,44
49,152
54,152
1,130
36,199
139,42
118,3
96,83
82,136
13,78
19,45
114,152
47,189
157,34
158,138
16,135
148,163
83,143
85,20
141,126
4,117
89,47
94,78
74,191
89,46
45,0
12,151
120,173
62,52
67,183
20,93
117,27
45,48
191,90
109,107
36,15
101,193
185,160
171,195
165,29
5,22
109,156
111,181
97,1
78,112
150,145
60,125
192,29
118,51
93,74
7,61
165,18
105,16
2,175
37,44
192,110
180,96
11,106
31,27
118,63
116,178
17,176
136,45
191,61
143,88
132,50
143,114
73,97
117,0
86,79
195,43
184,9
116,28
29,175
189,82
107,93
183,22
72,129
128,189
46,73
19,73
132,176
197,115
198,191
15,153
5,161
150,86
117,25
153,169
141,57
13,134
31,165
28,145
58,199
56,71
174,65
12,191
110,35
128,179
80,199
63,158
27,196
120,166
84,189
37,148
111,62
126,176
128,48
19,120
59,23
196,161
37,180
69,42
88,189
142,96
79,40
6,65
174,177
116,126
76,168
11,190
16,124
31,172
105,161
171,100
36,140
5,89
137,89
160,189
21,166
13,29
5,16
117,78
0,189
23,152
140,151
30,56
24,62
133,148
15,116
92,72
105,152
32,7
18,76
141,124
141,78
51,63
86,124
107,54
167,44
7,147
45,19
124,21
77,176
69,157
53,172
23,180
51,47
32,123
154,162
90,148
162,91
91,148
104,48
132,163
84,154
185,19
109,94
94,58
143,126
96,70
188,132
124,179
34,101
6,73
28,133
43,199
78,146
175,14
46,62
93,49
88,147
103,180
164,2
100,126
39,52
198,119
127,8
10,195
68,81
69,186
82,197
128,185
170,152
127,73
70,51
114,109
196,188
56,18
106,148
29,152
98,172
109,32
15,28
7,54
141,161
135,10
149,22
91,176
140,151
105,108
102,163
10,181
80,167
1,174
20,171
8,1
139,64
112,61
171,147
20,7
23,57
192,101
32,169
58,194
131,77
42,34
123,63
145,178
79,178
165,143
1,99
139,31
188,62
108,118
96,106
16,67
93,60
191,105
12,74
151,124
19,44
20,141
157,159
121,43
198,193
162,152
147,153
166,145
30,11
91,55
63,159
137,136
141,123
78,29
52,185
118,110
8,85
161,63
69,164
97,45
194,194
170,92
62,96
131,182
80,162
179,142
55,156
105,125
129,17
91,47
14,149
128,64
132,87
33,119
105,56
108,42
109,198
159,110
53,112
112,89
34,65
8,169
69,9
82,175
138,188
156,156
76,70
8,195
115,142
181,170
86,171
81,45
143,181
135,185
184,181
130,167
35,113
68,192
144,11
123,193
101,28
29,53
158,95
121,117
127,79
46,98
69,142
60,73
172,85
22,65
168,142
168,101
178,65
56,79
93,194
37,145
195,168
107,82
146,187
173,188
32,119
40,137
196,38
22,13
96,42
115,134
44,193
17,77
133,8
40,66
137,103
164,41
171,116
113,163
199,7
119,149
193,183
197,154
148,182
64,43
96,27
74,21
0,28
6,170
157,113
58,41
4,35
163,125
30,153
14,118
100,7
69,29
67,161
68,24
53,19
109,79
153,40
116,94
155,102
167,13
62,18
125,127
20,14
136,184
12,78
124,80
112,98
189,199
81,23
77,139
188,73
9,44
152,96
52,106
139,88
74,120
58,42
37,169
75,107
186,145
156,43
176,17
188,156
112,37
85,66
196,54
158,116
118,111
64,92
55,24
34,6
17,184
90,112
60,166
13,140
150,102
44,105
145,145
12,25
50,189
17,134
21,173
115,31
18,141
166,53
95,18
15,187
48,192
145,77
93,48
136,142
185,108
144,184
91,143
30,51
50,64
139,191
183,160
196,55
134,163
30,29
83,69
36,29
158,188
109,120
98,110
58,154
35,8
132,167
15,161
181,28
100,196
74,28
50,175
59,184
64,132
180,156
108,186
102,6
10,81
21,31
48,71
50,112
126,67
64,37
16,173
127,95
48,157
117,88
57,152
98,199
79,146
67,40
164,158
39,11
98,42
97,78
168,81
19,39
198,108
37,10
81,95
55,81
35,92
10,10
172,115
118,84
103,152
102,83
41,77
158,59
11,78
62,138
179,111
95,108
20,182
95,53
173,60
1,26
110,84
131,80
180,68
186,37
33,176
185,93
139,156
137,40
171,51
43,121
147,6
13,38
141,193
126,17
199,190
122,149
169,79
168,145
198,187
158,63
166,83
77,81
90,41
104,57
171,78
53,171
29,97
128,88
105,143
103,171
128,44
150,110
42,87
143,120
172,75
111,197
85,16
152,9
57,50
5,73
116,68
96,133
38,183
130,156
92,146
177,3
76,86
80,159
11,101
15,31
122,3
164,53
146,135
47,131
30,176
29,45
79,164
190,67
172,173
40,13
161,30
12,92
109,73
48,2
143,36
18,29
35,191
1,29
28,185
193,57
177,84
130,187
174,13
17,59
68,31
93,166
117,14
117,151
78,189
76,165
183,28
177,191
92,112
20,26
94,2
179,145
51,179
122,86
168,22
169,157
23,67
50,78
0,175
35,186
96,151
62,83
54,77
39,177
138,30
65,167
161,78
162,143
98,44
149,145
81,0
50,18
190,14
188,154
143,118
131,94
141,138
185,117
177,185
72,98
97,95
176,50
19,56
188,162
138,118
36,120
184,53
145,128
126,97
172,135
186,17
36,77
173,77
159,4
126,114
80,147
60,14
76,156
79,85
56,184
121,8
49,42
32,160
13,34
55,158
146,6
155,168
93,78
187,10
38,73
51,193
10,91
128,43
30,44
75,81
171,51
11,129
178,174
38,154
78,48
161,37
113,159
141,154
0,155
12,65
3,172
21,35
56,6
38,58
55,37
98,5
76,17
196,27
106,49
118,104
186,129
180,11
33,34
91,139
73,147
160,137
108,121
49,84
97,159
133,79
18,192
21,159
23,53
113,35
152,26
35,93
196,106
142,63
50,128
34,162
29,78
171,119
185,71
79,148
154,101
102,108
132,135
42,125
83,175
51,68
197,124
33,180
61,72
18,184
53,179
4,56
174,138
185,99
131,112
140,155
134,32
164,76
52,161
6,196
151,26
199,8
138,81
148,172
1,57
30,66
148,34
96,84
120,125
21,74
106,55
79,185
20,182
158,52
131,188
25,144
96,121
105,109
41,121
148,56
152,76
41,136
16,151
186,57
142,97
31,196
149,66
152,135
174,146
193,59
193,140
59,22
84,56
149,41
114,168
76,108
32,144
79,166
127,143
136,77
60,103
138,180
7,89
24,179
111,98
26,89
184,155
191,47
180,27
135,177
42,59
110,102
124,78
179,132
30,1
10,180
76,161
6,11
22,31
114,75
30,64
16,198
9,121
141,121
151,38
192,61
91,147
154,12
103,65
99,95
90,134
104,187
199,80
109,179
12,79
117,68
37,50
131,65
167,198
189,2
107,170
14,139
70,154
59,87
153,56
109,145
19,136
133,63
185,13
86,167
18,97
83,47
129,19
136,59
61,191
144,44
117,191
96,64
156,26
43,100
11,81
89,137
28,152
119,133
57,79
87,116
119,131
10,171
45,20
4,127
175,128
46,143
156,129
144,91
75,52
80,82
1,158
139,127
178,30
126,30
97,116
80,37
44,192
169,155
17,2
16,42
179,67
104,64
55,177
73,123
177,0
9,8
69,84
128,129
131,121
183,158
35,190
126,8
97,27
127,150
100,75
153,113
94,40
188,176
79,199
78,180
64,46
25,153
102,99
14,85
10,26
21,105
81,199
152,80
70,6
166,53
195,46
5,106
129,40
58,143
171,136
85,34
105,151
85,2
172,138
95,137
149,44
144,116
42,129
49,70
37,83
139,4
112,186
10,86
189,127
5,138
89,92
30,57
22,126
127,87
55,62
0,122
105,87
189,79
31,19
55,137
102,3
185,159
143,87
124,94
12,43
175,65
45,110
185,5
14,194
88,15
95,2
158,36
81,158
7,39
26,103
43,122
129,0
117,13
105,50
49,22
84,129
45,66
199,115
8,169
176,1
197,6
27,112
15,154
151,54
102,51
13,54
186,22
161,9
128,138
198,13
186,90
62,162
80,15
51,109
181,74
123,169
122,13
147,179
1,17
79,87
49,133
166,105
14,11
86,18
24,100
86,143
70,31
146,69
193,94
177,47
32,60
19,196
52,56
3,164
118,67
12,28
82,190
108,159
9,100
23,168
14,146
4,116
144,62
22,131
170,148
181,179
170,47
25,45
149,47
180,152
83,19
14,0
152,20
95,85
82,9
176,159
44,32
41,185
68,62
186,188
163,165
175,85
3,58
89,82
6,169
86,162
90,156
2,168
100,167
101,4
137,113
114,100
86,42
173,172
84,1
83,110
168,31
45,10
19,2
143,169
75,60
43,72
51,45
40,77
157,148
126,0
85,136
180,156
95,109
28,174
128,44
170,185
158,119
48,7
197,106
84,128
162,122
14,183
166,166
68,153
120,5
100,128
102,135
175,153
121,142
166,95
58,45
125,108
58,123
52,90
198,103
114,113
81,20
67,185
167,13
32,36
175,37
46,98
156,171
39,130
18,40
9,52
32,132
105,54
49,171
156,43
22,66
100,45
130,108
138,71
166,65
54,56
30,48
180,82
61,52
164,128
14,183
42,65
94,153
112,74
128,126
21,75
25,86
108,132
6,101
3,56
184,108
144,18
24,142
13,9
148,197
110,195
127,186
92,44
115,156
50,104
172,118
128,125
93,121
169,194
128,73
178,178
82,151
66,131
91,135
28,41
112,165
111,175
38,3
116,130
196,128
174,36
86,120
109,55
11,180
117,73
37,4
184,172
121,63
16,121
169,43
156,86
11,122
83,61
192,175
62,189
53,105
26,101
7,100
156,48
135,28
16,134
97,37
183,162
149,101
26,116
65,10
176,46
44,13
45,167
3,175
152,194
107,7
154,183
109,147
28,40
162,101
120,157
58,180
79,63
79,123
5,161
81,16
141,58
188,132
3,191
77,46
134,182
82,35
107,9
94,74
103,99
181,84
9,155
37,143
83,75
55,105
120,143
45,133
18,65
112,125
71,123
96,70
109,76
157,101
98,92
53,107
56,12
110,20
33,178
158,11
93,143
110,65
106,199
189,150
133,106
90,32
175,190
42,6
34,19
106,108
196,77
115,75
185,18
18,129
58,127
95,37
130,163
152,59
130,70
33,75
162,43
111,30
13,29
160,165
53,44
188,32
63,64
199,4
100,150
119,185
141,20
17,71
155,194
152,52
192,21
5,2
119,122
66,106
54,70
6,163
44,45
80,0
189,184
63,107
104,83
52,21
79,47
180,195
52,117
39,46
125,193
37,124
129,12
14,8
182,136
32,186
38,152
70,101
54,155
109,81
99,13
10,181
148,11
144,70
18,21
163,137
84,194
189,137
105,90
183,141
58,70
37,57
57,124
194,134
198,47
68,163
99,4
151,8
133,94
84,40
47,183
197,192
181,36
127,99
169,94
25,3
147,24
58,32
135,29
131,190
72,162
32,74
139,109
101,170
61,127
36,135
130,139
173,113
87,152
71,103
90,55
10,106
6,152
130,114
173,181
48,103
121,28
47,96
87,7
37,126
43,71
139,74
9,71
18,158
145,70
115,20
24,43
52,141
116,83
102,60
137,165
39,179
150,160
52,118
60,74
49,48
184,189
152,189
112,184
97,48
133,129
87,152
111,102
147,1
42,186
23,165
197,168
82,70
199,160
144,3
194,41
172,42
163,195
64,53
108,111
54,86
20,135
19,29
174,108
30,183
48,145
93,77
51,165
61,189
123,35
143,178
64,101
86,147
158,90
144,177
113,58
11,29
123,61
72,50
78,160
28,159
12,125
31,151
199,102
178,150
173,70
23,157
183,2
125,78
186,178
189,183
45,109
30,15
181,2
116,61
109,157
73,115
198,149
82,134
190,36
105,2
51,6
142,19
172,129
100,196
152,175
159,51
56,25
168,136
41,136
38,33
195,172
150,153
38,110
142,177
82,197
159,133
175,137
24,120
48,113
131,7
94,14
116,56
63,35
107,7
87,118
120,118
181,104
94,115
3,32
92,131
79,183
61,147
99,76
5,10
168,74
65,144
132,169
65,34
190,174
181,157
40,73
82,60
12,14
74,49
30,39
25,164
85,84
71,43
125,31
102,187
2,46
57,186
1,19
166,79
19,37
55,34
83,100
137,134
51,158
10,33
177,179
114,160
182,40
134,195
65,172
190,143
98,82
70,94
144,136
19,8
5,115
1,190
0,71
55,1
56,199
154,132
165,18
180,163
126,180
99,67
68,132
48,8
164,41
15,71
22,15
32,42
86,6
107,43
11,118
135,33
13,189
57,139
42,1
137,135
65,121
29,94
99,165
50,110
19,80
136,108
46,177
173,165
21,113
92,69
172,136
31,4
73,113
125,196
88,107
117,41
8,143
25,11
196,130
4,114
158,141
18,5
27,131
30,14
169,69
77,31
6,119
30,118
156,18
146,26
155,138
198,18
31,121
142,10
163,67
171,78
36,91
166,11
6,111
129,182
95,130
54,62
159,76
108,49
33,121
40,150
111,22
108,30
106,124
125,75
122,130
13,34
191,123
150,104
165,38
119,81
113,38
113,109
163,24
43,179
39,16
61,57
88,130
103,141
183,57
47,14
10,134
151,46
89,47
99,2
198,67
127,26
60,198
136,180
186,74
42,13
112,50
158,45
141,165
95,66
125,111
59,185
196,153
192,5
75,181
84,124
153,118
25,97
155,179
67,197
96,90
53,90
70,108
14,45
72,144
169,70
20,131
34,19
192,2
154,21
14,6
88,95
137,145
78,139
57,97
129,151
153,147
65,153
157,44
186,91
138,51
171,19
135,46
91,112
193,23
138,134
34,79
117,132
61,18
33,111
83,119
15,60
18,186
43,177
162,50
143,100
42,166
2,166
112,128
50,25
33,189
17,196
104,146
132,43
12,33
52,22
112,74
164,11
67,170
108,116
188,136
87,9
26,8
28,136
122,1
102,22
0,197
144,47
36,115
138,32
111,28
141,45
152,119
143,157
183,149
88,104
187,51
169,183
12,57
59,152
122,34
167,149
198,101
124,161
173,101
157,32
47,131
169,176
183,187
22,74
197,63
133,24
85,190
132,70
136,8
77,46
197,17
32,87
45,93
60,151
67,43
3,139
108,61
177,92
121,172
93,7
141,154
14,85
47,27
48,121
179,144
151,70
160,98
51,183
152,15
28,51
84,2
58,193
42,39
171,127
123,88
150,16
82,4
98,178
6,66
123,4
93,134
22,100
37,167
118,66
35,79
82,140
9,33
4,68
118,68
74,154
141,75
161,58
46,171
189,29
61,54
89,163
167,124
175,181
124,126
22,146
157,30
154,128
182,16
61,186
39,173
136,131
176,130
51,186
135,3
193,81
132,45
96,6
165,132
57,151
145,109
138,21
2,53
129,162
134,92
178,139
7,57
141,46
49,34
105,186
16,126
184,92
198,124
165,120
191,64
42,43
130,36
105,150
110,155
37,117
184,57
158,89
153,39
123,161
41,58
186,182
21,168
173,37
19,123
124,168
37,196
100,168
31,130
161,127
92,66
138,122
33,156
196,191
165,1
136,97
129,63
5,118
191,53
62,8
53,62
38,163
148,144
122,74
2,52
149,49
133,123
191,66
149,88
64,22
0,182
35,116
89,39
18,182
90,85
20,168
193,156
171,110
107,15
131,174
100,127
197,176
176,51
33,182
151,109
67,136
195,0
113,55
70,75
47,1
151,108
33,110
170,173
149,190
52,122
130,96
157,143
26,131
139,150
17,100
149,139
2,164
42,187
187,39
28,124
186,10
139,74
47,195
93,194
11,49
27,140
166,123
91,16
117,4
65,140
103,52
22,69
186,32
190,102
131,172
94,95
43,134
13,25
164,25
144,89
111,124
5,174
82,125
41,111
16,70
182,124
91,23
67,42
45,160
196,157
96,51
39,117
60,30
43,136
182,73
39,175
14,173
162,122
129,186
131,144
169,40
64,105
166,17
54,99
96,41
96,17
170,147
21,110
88,116
4,159
119,177
191,107
8,134
53,98
70,67
45,141
167,196
119,4
16,36
199,84
124,154
102,56
29,102
103,76
91,47
55,141
153,197
78,52
182,110
160,87
125,127
150,139
94,76
93,112
117,94
15,88
34,50
3,125
108,4
169,18
33,158
159,114
156,93
144,36
79,108
111,73
56,119
33,75
122,93
85,195
168,27
121,90
191,12
126,193
180,69
121,114
146,2
184,115
111,170
7,190
168,45
196,46
141,14
173,181
130,93
95,148
126,40
84,90
17,23
149,102
16,67
128,183
162,76
183,91
184,69
88,136
160,3
11,133
152,73
156,74
62,107
143,177
115,96
167,2
28,163
62,117
124,89
157,91
175,151
7,192
4,36
53,138
145,2
21,158
75,13
73,89
185,48
20,137
46,27
46,146
132,25
125,66
38,43
17,186
162,8
33,136
142,44
164,130
138,132
119,25
35,119
157,114
86,79
96,140
104,183
79,142
113,92
91,19
40,193
24,83
183,181
73,178
190,174
72,36
29,10
148,51
128,115
92,126
85,1
126,130
20,191
133,185
65,90
161,15
164,184
31,45
77,10
10,38
42,176
100,1
9,5
169,183
80,98
69,186
58,63
183,87
101,181
198,2
37,86
139,30
196,102
80,136
103,190
76,61
86,172
159,42
37,58
191,107
53,153
59,28
17,159
42,101
126,86
98,58
7,62
165,20
100,156
149,39
74,190
88,138
169,15
12,136
43,73
20,89
77,177
134,96
107,38
174,102
30,152
136,94
14,75
173,52
138,14
106,22
152,171
123,194
180,149
7,155
81,198
11,155
111,16
180,22
2,187
125,115
94,21
184,186
157,35
128,93
0,53
40,17
192,38
148,147
196,58
85,112
95,5
187,190
164,35
137,105
64,39
82,30
95,80
71,180
152,197
180,64
7,111
198,116
148,33
125,167
181,14
159,172
74,112
175,76
41,152
180,122
166,195
35,129
5,49
81,140
52,3
174,29
109,73
142,128
118,149
113,89
40,32
156,91
188,34
34,168
84,66
37,6
32,172
43,59
21,107
45,42
72,160
2,91
92,112
98,109
58,152
38,33
61,35
74,190
54,197
84,35
5,151
175,175
198,72
0,175
37,12
20,181
169,21
113,60
104,62
76,193
66,41
165,181
3,42
166,140
135,100
40,170
68,129
87,3
153,58
62,101
195,197
156,181
185,55
130,149
120,196
20,175
103,181
177,17
190,159
138,70
148,167
180,118
22,103
183,103
159,33
18,18
106,85
28,122
89,92
196,39
75,169
37,105
39,106
112,181
40,59
175,87
146,98
16,102
64,107
1,146
138,13
119,8
60,49
8,149
190,94
25,164
129,34
123,88
99,66
181,125
84,90
158,95
89,83
181,41
68,166
37,85
75,105
18,171
28,194
137,24
9,152
40,49
6,181
37,24
189,14
33,166
6,96
184,118
108,43
166,159
153,9
90,110
181,153
170,61
112,33
150,189
183,88
114,66
15,80
67,151
196,80
61,192
59,134
25,90
125,45
35,152
165,132
178,125
80,15
63,82
189,160
122,39
88,130
11,160
11,35
106,84
112,187
106,57
116,104
25,191
176,137
32,174
55,64
39,157
136,98
145,18
108,73
37,115
132,98
20,29
53,47
63,40
61,199
43,126
71,194
107,87
52,73
129,125
154,96
80,75
70,44
118,101
181,97
33,40
142,138
71,103
52,176
100,32
161,101
185,101
198,36
105,121
18,128
192,59
157,147
7,32
130,30
30,13
153,114
9,69
24,15
162,171
199,113
176,49
1,166
138,63
98,88
99,106
195,102
109,136
28,162
59,160
2,181
41,117
183,156
32,171
101,55
165,12
124,9
15,105
50,91
15,52
6,105
164,139
140,173
31,155
111,149
168,29
102,51
166,32
11,74
134,14
132,69
198,133
132,52
176,164
66,133
76,159
7,28
152,131
89,92
15,184
3,88
116,80
32,88
65,162
147,13
35,62
24,68
164,114
192,26
86,153
72,138
164,176
30,189
52,124
171,16
127,132
62,81
83,165
169,195
47,59
134,22
76,76
140,107
32,189
156,16
127,3
72,172
118,116
176,90
8,123
171,49
80,94
106,110
166,143
161,3
72,104
132,43
142,143
79,129
181,80
175,118
166,165
43,22
120,171
32,55
124,176
188,57
129,46
116,190
64,118
198,126
66,1
102,27
149,89
5,176
93,35
194,15
78,156
87,186
124,154
179,75
53,110
167,177
96,87
167,175
140,22
50,176
97,35
129,31
45,154
162,75
79,172
68,46
120,3
187,8
187,191
115,113
151,41
7,7
72,146
163,51
142,86
170,101
55,7
121,179
133,78
188,46
181,197
97,197
192,52
124,19
19,128
49,56
47,178
191,22
32,165
110,172
68,171
190,1
119,16
56,72
43,6
157,54
1,180
179,184
13,66
16,197
166,177
14,85
69,117
136,166
40,4
66,157
162,169
149,18
190,82
128,111
150,154
32,60
39,72
93,176
81,143
36,178
167,167
137,94
57,38
101,67
102,118
142,144
143,16
144,156
186,37
147,28
27,113
53,169
106,187
0,23
80,57
115,42
115,141
162,21
187,88
10,159
60,34
48,25
68,72
40,72
162,180
11,178
111,172
123,184
149,63
157,81
72,164
38,39
122,92
74,138
44,24
34,134
158,7
27,71
41,39
114,9
54,97
35,24
138,196
67,76
148,45
24,147
136,63
187,77
116,145
187,21
74,124
165,137
141,94
164,177
61,26
143,169
156,78
76,14
194,32
151,191
146,118
20,121
34,119
18,126
144,65
88,126
159,113
27,72
170,91
98,150
26,33
3,107
18,150
121,124
129,91
8,106
135,137
68,65
170,163
88,111
44,20
147,80
2,180
182,32
52,12
148,61
143,185
10,61
15,46
197,4
10,111
28,66
89,56
23,169
60,130
169,78
42,13
52,160
149,38
100,138
40,31
168,154
108,36
110,39
109,80
109,107
58,121
166,139
185,185
193,160
8,154
118,81
11,153
78,1
5,140
113,39
108,7
167,94
130,177
131,65
146,58
185,95
116,77
36,42
119,136
149,55
149,74
90,55
194,193
32,118
121,68
26,199
134,191
2,119
193,157
152,43
129,111
121,175
39,69
159,153
66,18
40,177
44,128
184,127
194,104
109,14
27,193
109,22
12,108
154,182
112,142
131,98
152,2
130,95
25,132
178,7
23,64
63,44
133,172
131,164
57,20
58,89
14,104
166,116
2,154
157,99
36,129
38,92
166,74
50,116
186,33
63,124
6,165
111,195
105,100
153,13
148,144
16,68
58,149
7,23
132,138
44,5
21,176
163,17
126,176
190,21
65,4
49,68
97,167
58,9
189,9
34,173
182,132
168,90
5,195
32,93
54,53
1,172
90,10
13,111
30,135
99,102
129,179
133,1
79,59
21,154
193,199
95,69
37,145
119,77
87,28
42,156
190,15
14,178
100,49
162,52
187,89
75,69
9,152
171,194
1,154
185,163
121,170
134,139
21,191
169,16
59,126
64,78
162,70
8,96
155,52
100,152
46,113
3,115
69,187
160,121
47,104
4,91
85,132
3,141
132,112
118,98
144,88
186,19
122,83
183,116
12,103
108,152
28,66
42,120
94,138
145,90
187,180
195,167
63,182
149,83
140,184
24,178
168,37
63,135
133,150
36,26
129,125
160,145
4,41
83,38
39,12
99,128
198,29
84,186
10,116
109,168
107,51
18,158
86,47
177,92
97,155
182,156
144,192
16,99
119,163
80,102
100,161
42,22
73,47
109,156
50,7
19,96
78,15
163,34
27,181
87,57
178,94
143,148
13,2
36,169
119,92
148,67
89,160
104,57
156,26
139,82
145,113
156,34
199,183
37,113
57,129
71,177
12,143
29,0
134,52
162,125
54,100
147,69
46,71
132,50
41,175
146,59
77,19
67,61
143,136
193,25
152,64
2,174
61,142
198,152
93,74
104,70
179,6
166,127
35,192
112,117
23,162
193,23
11,58
186,58
159,15
40,17
22,4
114,36
45,85
98,107
175,193
190,28
192,180
15,141
114,48
165,71
167,84
6,74
52,119
194,81
16,130
163,74
127,119
49,196
174,86
81,193
135,18
126,46
36,133
78,16
138,19
92,5
77,40
104,11
184,169
166,123
77,11
162,186
18,82
107,177
75,195
161,89
141,167
174,1
84,49
154,5
22,129
196,148
191,175
109,53
80,95
57,103
117,182
31,124
166,21
153,75
179,56
60,198
169,141
62,63
25,87
79,137
5,50
29,25
189,6
26,110
138,108
88,138
75,110
130,103
145,167
183,122
88,170
148,133
113,154
60,35
127,121
93,105
70,170
146,160
185,48
75,72
155,2
131,49
73,143
102,185
124,39
90,165
153,185
174,124
116,40
33,95
16,118
147,12
15,39
59,63
81,24
7,124
185,122
192,190
69,115
91,96
106,128
59,149
34,184
106,14
88,136
104,130
157,98
143,168
196,150
108,180
83,30
91,57
195,140
169,146
2,69
152,109
35,166
15,172
103,162
192,143
39,143
38,193
9,10
144,27
45,31
83,81
129,146
133,55
111,185
152,89
127,172
193,12
153,90
98,105
108,7
72,66
175,0
168,193
127,162
14,167
141,94
19,28
165,17
103,4
23,48
67,58
61,25
126,125
101,82
189,54
177,73
117,16
151,101
65,53
25,30
76,127
52,15
107,192
82,168
148,85
71,197
65,148
149,155
185,113
148,95
81,20
58,163
70,149
189,192
123,47
50,42
167,180
139,134
25,154
140,140
101,52
74,8
187,61
159,74
93,19
147,104
163,20
171,118
188,144
196,158
67,159
29,142
35,183
191,133
42,147
43,115
140,17
180,182
120,62
118,49
120,136
117,135
14,102
69,144
39,186
91,142
4,144
113,172
158,190
158,93
89,128
179,50
97,133
32,151
66,109
65,166
62,57
180,143
191,144
140,196
180,161
198,40
11,46
128,65
173,122
33,85
187,172
90,142
60,111
137,156
26,35
50,91
124,184
178,76
122,176
79,20
29,57
2,49
53,26
162,50
170,148
122,190
47,53
134,34
165,62
100,135
141,129
172,108
123,165
191,133
71,22
190,152
113,30
2,14
107,186
48,168
70,178
126,16
5,161
64,145
54,189
0,193
34,9
94,142
118,48
8,25
37,148
160,151
56,155
3,59
131,4
54,85
146,18
194,81
157,18
90,174
69,77
166,135
159,115
135,181
33,57
3,12
126,78
79,187
65,61
41,100
193,74
18,35
6,156
8,189
15,109
62,99
55,48
124,9
0,90
133,87
12,36
133,151
86,3
35,183
174,93
181,19
133,122
95,18
12,24
104,3
95,116
135,137
178,95
171,63
48,108
168,83
192,33
107,57
151,66
136,108
43,53
195,84
103,161
44,12
108,110
116,176
76,62
168,124
129,86
40,90
36,98
166,125
104,49
12,37
75,7
140,38
185,143
139,23
158,134
24,57
152,137
146,102
28,48
71,81
38,71
7,153
62,192
96,125
174,101
157,12
70,176
90,72
46,151
162,30
160,93
25,127
3,21
87,83
130,194
102,50
123,50
178,93
128,100
83,49
44,83
44,197
90,148
2,91
13,172
50,28
194,84
127,109
91,19
183,167
151,25
197,20
130,167
126,126
189,99
146,93
180,38
4,59
91,36
85,19
155,131
179,58
13,41
170,26
86,161
56,93
135,144
35,107
18,72
11,185
115,197
166,88
178,191
28,66
149,67
65,92
173,1
118,154
192,44
187,61
13,178
173,193
75,5
195,182
199,105
19,43
64,103
31,38
161,154
159,94
154,135
10,174
18,135
10,122
51,38
107,118
63,109
153,87
6,155
195,160
3,112
90,199
44,94
30,26
16,90
166,190
153,120
130,64
114,67
46,74
148,166
106,168
14,54
0,100
121,140
25,35
166,58
56,161
142,104
156,177
61,125
131,192
15,134
162,166
70,79
57,29
99,139
93,186
169,81
122,124
162,31
131,137
177,58
113,48
133,189
122,18
190,164
15,14
74,80
97,100
37,173
66,145
109,123
180,72
71,17
122,194
168,139
144,146
89,122
121,139
124,75
47,49
121,67
127,189
128,129
41,166
155,169
19,152
141,158
146,44
0,23
152,72
147,82
87,74
83,64
180,45
40,79
10,199
159,108
199,54
75,46
111,56
183,27
126,167
83,31
187,14
172,44
22,109
82,27
77,58
191,191
25,51
118,170
35,198
120,112
80,171
161,50
174,94
152,156
102,183
186,188
28,33
130,55
23,10
68,170
65,179
81,24
23,6
181,148
51,32
196,123
198,12
123,30
198,48
103,0
89,175
119,77
8,72
63,119
50,193
66,186
149,116
119,42
22,157
93,63
86,126
21,181
198,39
9,153
80,108
130,16
9,118
101,127
24,74
87,0
84,18
91,131
187,27
111,31
141,32
99,161
133,57
125,179
171,173
122,12
107,17
28,86
73,182
154,36
150,146
111,152
4,34
9,44
163,30
45,20
129,17
143,106
45,9
114,134
106,129
41,5
29,192
120,154
197,154
194,137
25,1
155,111
144,5
139,109
119,3
102,128
31,160
15,44
183,7
157,134
19,67
182,45
94,169
4,155
123,199
78,96
30,136
121,79
71,79
25,167
180,120
134,102
187,58
8,117
131,9
115,60
14,9
63,78
36,47
97,8
66,44
120,49
127,70
143,174
55,145
20,50
178,10
137,122
106,177
79,130
175,68
148,182
192,0
60,181
62,11
30,49
35,28
188,6
15,89
60,176
51,116
102,168
8,163
166,189
109,121
179,91
47,2
39,177
119,73
131,87
30,98
104,116
29,100
118,12
143,41
100,151
69,174
5,146
9,183
130,113
88,57
137,25
46,157
93,110
28,90
68,167
53,57
39,58
98,47
98,166
123,8
150,18
49,62
91,72
67,180
117,88
135,15
145,41
42,179
17,180
21,63
185,49
155,184
60,114
50,74
134,60
122,197
189,170
178,28
183,155
199,73
183,30
64,110
89,131
124,116
130,193
101,102
146,30
123,82
74,186
148,119
130,42
10,98
52,185
169,3
113,107
195,42
100,162
199,75
114,115
22,121
95,98
117,72
5,40
118,42
103,153
179,53
179,6
11,104
31,100
186,137
114,138
39,33
196,120
188,180
171,134
51,70
81,192
74,93
170,26
106,59
96,105
8,164
170,79
143,14
66,110
87,197
111,145
137,75
135,181
72,185
36,197
184,142
15,165
165,85
46,82
118,177
104,132
145,15
81,173
121,158
82,1
195,124
77,180
138,102
43,54
65,25
165,8
182,182
124,48
90,130
56,4
142,184
131,164
85,94
47,160
147,34
122,51
195,24
10,98
143,51
117,130
52,76
95,89
150,5
111,142
121,139
88,59
158,26
187,152
55,142
154,179
33,24
72,22
49,54
87,139
116,76
120,192
114,59
21,5
32,58
94,15
45,81
172,41
93,90
136,197
131,86
18,82
129,39
153,162
46,143
78,50
85,8
155,107
18,175
55,135
91,64
15,5
68,154
44,169
38,31
179,183
125,143
61,41
183,31
115,188
133,55
1,142
147,158
8,109
114,92
39,154
135,185
171,119
138,78
113,109
154,162
89,113
77,119
9,115
112,194
0,128
109,187
57,38
188,142
80,134
74,109
121,181
148,181
111,39
196,93
92,131
176,169
95,77
181,175
2,135
174,130
193,24
94,168
181,17
186,106
194,66
37,55
91,6
43,106
10,42
80,44
49,33
194,108
198,88
135,133
123,47
74,13
65,199
119,115
95,83
135,78
169,76
96,38
191,1
156,64
167,143
82,59
27,66
169,188
2,30
91,75
10,141
42,71
63,101
49,173
123,128
66,16
97,18
151,72
165,10
190,101
147,102
122,198
103,45
86,183
170,106
145,193
87,126
190,61
25,30
83,68
177,31
136,4
160,57
138,27
119,24
123,54
51,168
34,133
61,70
40,59
50,67
149,57
44,176
56,50
139,8
28,53
41,192
76,103
91,175
61,155
168,84
126,179
109,158
144,21
187,16
115,96
199,98
46,69
177,59
78,103
184,198
118,83
142,8
74,19
43,72
103,75
67,2
103,169
179,17
119,171
57,17
119,55
67,67
117,55
130,60
61,96
16,85
114,89
186,139
32,102
105,148
129,154
84,28
50,9
119,62
73,71
73,11
91,34
103,152
58,82
103,154
36,196
69,19
79,174
48,195
64,7
162,119
145,83
117,128
19,89
155,135
184,105
164,79
7,173
120,162
9,163
12,153
46,110
121,49
103,109
174,150
11,7
114,192
167,53
22,130
124,63
64,161
60,90
108,112
87,12
89,82
171,14
88,103
39,54
133,97
86,93
53,107
198,194
40,168
195,91
131,188
92,197
184,122
52,50
198,102
128,105
159,171
186,129
170,149
110,143
183,165
196,46
140,15
97,40
145,26
75,45
164,171
190,18
23,70
95,85
98,177
44,55
44,187
108,184
181,135
24,115
98,135
21,49
46,88
135,90
74,130
19,108
66,20
28,134
151,171
45,19
26,198
102,13
82,90
150,180
82,2
106,161
104,88
109,193
102,90
88,138
173,153
77,14
118,107
90,144
86,125
162,40
147,51
38,6
49,138
16,160
42,187
55,70
177,155
128,102
176,195
191,30
59,190
102,96
45,182
32,153
147,168
106,13
24,6
29,151
65,159
48,125
66,63
22,83
118,134
197,62
103,199
188,188
146,13
19,122
88,42
150,93
136,0
161,68
66,115
95,199
36,36
13,34
157,143
181,24
29,75
126,77
150,4
137,101
33,32
85,171
106,163
110,177
150,143
80,98
25,0
152,23
155,146
137,70
145,25
3,166
198,28
94,54
170,182
176,89
8,182
4,82
21,111
128,33
148,119
142,14
99,70
72,183
65,79
166,117
92,1
170,155
24,121
150,77
171,184
171,103
45,110
139,160
103,42
126,41
128,150
165,9
74,30
171,132
94,193
79,37
150,191
146,66
136,154
9,54
196,32
88,71
42,86
8,119
33,55
90,161
88,96
91,18
52,118
174,173
64,58
108,55
176,39
74,91
130,42
143,104
171,65
188,161
10,9
41,169
111,177
54,151
142,15
180,30
184,192
108,104
87,26
64,2
123,198
105,98
139,112
25,171
41,183
39,143
96,182
183,31
69,46
105,176
118,26
166,1
92,114
109,8
101,102
28,0
143,22
183,15
146,138
95,196
131,69
150,155
58,93
193,23
75,117
68,103
93,89
117,0
25,197
76,145
170,153
122,110
99,42
133,13
129,108
152,169
118,116
50,166
18,22
88,113
141,198
153,151
102,109
42,57
183,26
6,60
157,159
73,134
15,26
20,27
111,118
196,12
197,148
2,118
36,77
191,169
127,124
153,109
60,69
138,22
51,107
182,177
176,100
171,35
140,5
28,147
52,190
99,160
168,19
152,192
115,125
62,102
115,8
48,123
117,16
80,132
12,39
24,194
38,118
183,188
48,43
106,87
132,47
183,178
99,157
3,196
39,127
85,157
33,25
23,194
88,69
120,167
103,12
122,188
94,174
153,193
119,112
89,149
52,133
18,36
60,174
41,65
40,34
168,111
35,66
120,124
177,64
44,23
122,190
166,198
75,120
84,71
178,103
73,166
76,85
177,150
116,23
157,67
53,145
88,164
162,122
0,61
85,36
144,121
23,90
30,29
102,189
31,145
3,53
173,55
64,4
12,63
107,132
8,124
86,162
56,120
17,158
127,123
145,37
115,12
43,44
172,52
51,71
123,60
107,102
150,50
18,13
103,192
75,153
35,183
5,133
112,1
19,112
42,65
151,36
147,178
177,167
136,1
49,179
52,29
178,118
190,99
103,149
168,145
23,115
98,9
144,111
180,176
155,157
105,85
74,127
160,103
38,8
176,97
31,12
135,141
43,73
116,52
43,143
107,148
76,130
21,16
100,128
167,108
126,168
69,62
83,144
59,54
91,89
183,82
13,118
50,50
93,197
105,40
162,98
14,21
117,3
152,163
77,58
44,155
148,145
167,135
160,72
184,199
73,78
171,192
25,1
181,147
123,174
152,159
68,75
13,44
6,115
81,137
62,83
17,131
13,149
67,30
178,75
119,30
36,48
136,100
16,98
72,147
119,151
58,117
31,176
116,64
21,123
56,27
137,83
179,152
186,57
171,51
156,88
181,137
152,102
119,117
1,189
171,122
19,93
172,40
2,76
89,177
36,27
26,82
198,14
93,132
21,35
3,152
63,67
158,127
42,165
100,8
173,140
174,154
73,82
83,110
198,179
4,166
103,150
107,135
33,27
191,96
88,129
108,108
73,128
187,16
165,53
19,147
87,32
167,151
102,158
39,133
5,33
188,182
69,191
124,82
137,67
24,171
183,32
104,89
47,63
190,91
195,15
81,14
92,12
171,185
181,39
141,132
34,145
35,24
3,166
26,106
118,1
73,54
162,102
182,87
30,195
134,101
118,18
40,26
97,23
113,72
147,20
77,186
120,171
113,42
159,149
121,77
76,106
68,97
113,83
146,17
51,78
43,112
125,180
6,179
131,29
98,114
154,122
5,6
38,63
112,23
94,77
83,168
173,196
113,2
71,148
161,43
91,196
8,10
83,105
77,157
68,188
36,21
20,145
81,8
4,94
169,1
6,95
77,198
20,110
96,9
73,199
89,13
75,18
107,116
28,174
158,104
32,16
121,46
191,152
199,64
130,191
191,159
78,83
118,178
81,155
78,191
137,151
125,165
21,155
176,46
0,23
173,125
155,4
47,103
112,56
192,93
149,110
113,37
86,194
58,185
176,148
35,9
113,177
105,155
161,61
26,116
162,187
12,65
27,67
164,68
193,192
167,0
128,199
59,43
167,88
156,156
178,142
40,26
29,117
56,122
24,13
46,138
186,126
49,109
181,182
25,182
191,43
9,148
139,13
41,29
156,108
23,7
162,64
88,91
156,60
106,4
195,58
168,173
45,165
155,192
181,111
81,118
182,12
120,72
177,172
16,148
190,68
123,49
171,93
98,166
38,69
27,172
62,72
186,29
93,93
122,168
51,108
141,137
2,82
87,100
85,198
87,92
8,127
191,52
143,44
74,41
44,158
173,150
88,149
33,128
71,122
192,87
181,130
36,55
127,103
26,79
165,26
109,136
171,166
58,37
14,6
118,17
56,11
65,65
186,154
70,188
17,199
10,63
157,164
131,137
103,138
1,135
83,68
194,68
35,5
57,63
90,124
12,63
44,139
95,114
39,108
7,187
125,17
85,5
67,69
12,195
24,104
22,58
185,166
82,83
108,193
163,30
9,38
199,50
178,154
58,167
87,37
174,122
43,89
39,0
164,81
87,76
198,0
185,59
134,60
53,157
156,46
38,27
41,172
64,80
5,197
163,93
2,132
90,195
155,199
104,154
30,190
139,196
184,15
0,112
156,33
144,89
48,143
94,0
193,69
186,1
164,179
123,103
57,183
131,160
125,132
13,171
119,165
196,45
137,11
80,20
104,168
186,73
199,134
13,67
48,5
1,9
26,38
41,21
186,159
134,75
130,186
56,127
172,135
27,135
127,106
16,101
174,116
126,144
45,135
17,27
154,149
7,102
120,191
78,89
38,132
196,143
146,138
149,41
112,14
18,190
184,100
80,160
167,111
38,195
20,171
34,116
132,126
48,17
121,5
66,179
13,170
3,9
139,53
138,176
94,86
5,21
29,59
165,37
164,5
51,113
125,92
47,133
115,8
17,88
105,5
97,110
138,150
195,173
173,173
159,133
97,76
140,152
181,100
107,109
186,110
146,31
70,176
160,125
59,108
94,75
155,89
18,86
181,46
40,131
37,181
76,144
131,134
90,81
153,55
37,161
89,61
63,80
101,148
83,44
2,154
185,3
110,89
136,170
91,144
43,62
154,35
194,140
191,173
10,137
199,152
50,115
46,116
17,12
20,41
193,96
28,99
122,158
113,183
72,126
155,190
14,183
152,96
114,26
60,29
95,174
92,90
55,120
60,38
168,44
166,106
103,141
123,112
48,165
126,181
78,6
104,150
129,26
131,155
142,51
102,80
167,26
84,132
26,166
172,16
158,79
121,119
82,122
29,117
58,80
63,80
156,38
32,190
160,96
126,19
54,114
40,123
10,14
165,62
13,167
3,125
130,118
25,167
101,135
22,103
133,96
162,6
182,37
130,151
113,67
197,30
27,78
82,100
192,123
40,110
72,120
67,198
88,71
160,71
196,7
48,72
169,162
9,154
164,63
57,150
41,19
158,135
97,22
105,72
78,57
174,80
99,180
53,75
45,143
21,40
18,94
178,145
45,141
160,105
50,199
186,161
81,198
84,85
3,177
163,153
173,154
183,64
31,168
89,68
164,164
112,151
87,120
176,99
193,100
81,11
44,111
3,182
85,191
49,37
126,145
161,56
97,102
42,28
58,108
162,158
172,183
67,79
172,144
39,182
112,172
194,37
123,188
4,117
142,143
74,27
185,8
39,38
99,154
52,21
48,124
76,58
92,185
78,68
22,149
192,108
72,191
6,14
73,21
184,124
15,18
141,12
58,147
187,180
135,5
30,189
190,19
87,95
186,80
153,129
188,68
49,73
40,73
78,135
91,136
90,2
81,66
191,28
67,157
60,161
113,29
39,188
29,136
66,85
130,37
32,120
57,136
131,173
51,28
73,113
39,145
51,70
136,94
113,176
125,170
125,155
2,7
117,189
144,33
76,64
122,167
174,81
75,113
11,42
128,140
158,102
27,156
167,149
30,108
142,75
85,155
163,99
178,182
196,2
193,193
113,171
193,150
62,118
117,1
94,139
191,147
93,32
123,51
117,96
164,34
171,71
68,32
60,23
128,151
7,18
153,151
163,22
68,14
146,106
85,57
184,161
186,100
73,56
169,169
113,174
0,33
118,120
106,46
130,19
66,86
166,35
182,102
51,29
34,5
165,68
49,34
29,44
120,65
81,59
64,199
2,130
15,15
108,197
89,91
47,27
146,173
158,125
186,30
43,39
65,117
45,167
109,158
61,195
125,185
82,149
85,150
176,102
193,167
192,191
63,127
80,21
172,28
30,9
198,29
163,31
106,106
183,12
160,189
76,114
100,82
141,21
88,137
38,137
183,33
187,23
135,72
89,191
86,158
91,105
74,136
196,27
160,88
48,131
124,186
11,3
62,75
159,140
196,103
9,89
39,128
126,86
64,30
64,159
195,159
156,195
64,40
25,145
134,121
36,164
131,34
159,61
53,153
50,64
140,64
22,24
103,70
193,19
86,123
120,96
55,186
87,44
142,50
68,77
195,91
124,110
172,136
146,197
95,94
111,55
196,131
33,55
159,150
71,158
199,10
108,170
47,161
194,100
141,125
33,80
107,179
45,150
17,107
18,79
185,186
151,148
91,117
80,180
141,11
94,167
42,17
86,151
27,199
136,107
113,149
112,9
55,35
59,91
24,1
147,88
90,12
56,131
165,196
12,176
184,25
30,98
157,179
100,135
39,112
46,62
152,73
136,186
51,56
2,114
14,151
115,83
171,171
62,164
85,109
31,18
13,19
62,112
169,143
131,39
154,112
50,153
13,29
115,75
143,12
164,51
147,130
93,3
177,30
87,9
68,89
191,155
12,130
97,148
1,61
149,182
132,81
179,89
144,181
76,114
167,41
81,158
74,14
52,140
88,114
96,168
145,190
61,39
99,104
83,199
115,62
124,76
140,37
56,22
199,7
32,74
176,143
84,2
113,28
135,150
14,79
33,194
198,3
58,50
83,88
199,181
41,47
166,132
153,161
171,29
56,56
169,166
186,171
129,37
188,1
28,161
4,76
48,164
97,12
181,138
96,102
193,196
56,162
181,105
51,153
158,78
44,14
185,39
34,197
173,138
199,63
99,25
131,53
165,75
132,80
84,163
89,146
19,128
26,171
164,66
64,159
25,185
4,139
103,78
190,181
35,108
89,17
98,27
22,159
167,135
32,112
145,133
188,68
14,166
132,184
36,56
34,119
144,181
172,164
165,165
173,6
52,37
190,48
161,144
92,57
125,13
141,61
188,153
165,124
0,20
18,33
2,96
130,9
53,159
185,198
124,96
97,97
180,154
68,181
150,174
64,160
176,35
56,195
15,157
112,102
7,161
93,10
135,89
16,142
181,69
26,114
122,69
19,133
75,71
64,70
52,66
183,62
66,1
96,193
149,40
179,80
187,95
180,195
97,159
63,49
99,175
56,52
53,86
119,189
181,118
11,166
123,7
123,2
143,110
56,78
36,81
191,37
33,39
100,96
190,144
188,164
134,135
111,120
16,131
134,75
171,17
136,156
106,155
61,123
196,129
177,152
105,159
146,124
26,124
185,86
92,90
101,41
37,6
157,37
121,26
30,179
157,19
129,88
163,166
51,166
142,115
111,116
174,63
112,126
192,87
108,6
77,153
188,118
52,19
109,94
4,175
58,65
136,140
20,168
198,110
102,43
186,40
152,112
3,158
152,104
113,38
77,44
144,146
185,53
26,79
163,85
84,83
34,193
81,17
184,172
125,36
126,108
191,123
48,113
7,78
13,0
59,104
129,131
36,152
169,122
29,5
106,86
144,155
165,197
76,160
106,52
64,177
69,13
27,71
90,16
52,57
169,194
194,37
198,125
6,168
96,61
144,69
133,192
194,130
123,57
43,191
172,89
10,171
151,106
194,123
190,29
97,138
94,194
155,104
46,159
15,81
196,76
116,134
127,64
34,169
85,86
7,61
132,150
46,71
130,123
25,191
134,73
74,38
146,102
113,94
82,68
37,77
63,190
111,12
142,180
149,197
33,64
74,180
28,111
6,157
42,154
191,17
127,128
23,74
55,86
141,121
61,155
105,4
10,136
54,188
100,31
64,0
166,3
84,150
45,146
24,41
154,87
5,137
86,63
18,123
62,34
199,10
169,164
197,24
177,43
58,38
93,106
65,61
145,177
9,32
81,133
179,35
133,49
164,10
146,99
34,134
178,169
198,71
95,20
104,190
197,112
128,140
98,64
176,81
172,15
124,117
94,139
86,76
68,92
15,27
96,145
63,172
1,51
132,69
169,167
87,122
193,36
32,16
56,37
116,9
14,69
145,160
152,21
134,20
29,86
18,136
9,46
24,117
122,158
16,182
78,72
7,13
30,195
140,168
23,95
123,101
45,140
12,180
23,72
128,30
193,7
97,93
97,20
39,137
115,116
83,196
11,163
175,44
69,4
188,189
195,121
112,16
177,84
22,175
25,118
42,8
70,130
150,68
57,24
78,103
89,70
105,87
57,178
96,65
1,38
93,180
92,136
12,49
127,30
44,174
23,173
80,32
42,157
70,153
195,9
56,134
72,2
106,198
97,31
159,84
13,66
104,31
186,141
129,186
127,132
112,47
105,191
5,96
37,129
30,1
109,140
110,96
135,184
17,80
57,176
82,13
93,32
147,109
136,48
192,168
94,62
50,174
10,84
182,182
99,138
120,32
37,62
60,151
175,135
38,128
44,153
83,110
34,139
52,44
163,109
119,179
149,185
60,145
145,0
178,10
78,153
41,104
85,119
143,145
67,113
100,70
57,83
121,128
45,136
6,83
68,149
70,69
149,140
47,121
70,152
192,87
117,101
139,102
190,159
55,42
78,51
52,177
178,23
118,196
119,179
157,96
160,180
159,187
185,90
157,65
75,4
195,13
32,95
192,70
11,166
189,177
113,21
107,131
52,146
91,57
149,60
15,71
33,22
126,171
7,184
103,29
195,44
166,99
161,147
91,135
95,19
183,170
121,150
133,44
137,120
137,106
198,169
68,50
71,57
4,1
98,4
182,54
137,134
192,78
195,66
131,97
0,158
45,44
56,115
27,131
141,185
154,37
93,182
68,80
85,191
137,174
22,124
151,9
25,117
104,30
129,91
106,65
99,91
96,9
126,159
132,90
108,185
21,88
4,129
25,43
105,164
20,193
137,129
184,12
29,146
82,152
92,68
76,39
32,66
4,14
150,120
99,109
111,120
193,196
125,115
31,152
149,84
119,153
160,5
199,186
104,86
76,45
64,136
144,147
87,159
177,156
26,42
50,64
105,170
79,118
18,63
21,134
119,43
185,14
144,75
169,152
17,175
147,23
73,104
161,115
97,18
98,93
39,151
10,77
25,180
181,17
185,179
23,143
0,114
30,199
142,69
186,141
176,138
179,39
25,117
107,185
110,169
82,40
129,149
90,123
190,102
143,151
22,142
137,13
79,87
66,26
43,52
119,24
147,115
1,100
36,41
119,180
198,115
115,127
184,59
148,12
166,17
83,117
156,129
54,162
72,147
38,18
150,64
43,22
2,111
9,132
168,143
28,161
36,117
49,12
156,82
99,149
94,154
174,160
83,22
50,193
183,93
142,166
147,111
105,196
84,81
93,92
133,7
14,135
17,150
85,171
2,169
151,128
100,51
87,179
43,65
24,13
31,193
139,166
49,54
34,27
122,8
77,12
1,4
191,186
52,175
181,26
39,168
188,141
27,124
186,23
182,125
134,6
8,104
50,158
181,86
108,126
136,133
117,48
132,7
2,163
75,119
105,121
62,113
10,81
187,46
159,20
99,31
137,76
0,54
188,151
138,167
142,146
52,176
91,6
21,92
171,147
182,185
43,164
99,43
34,102
140,5
151,176
85,188
181,12
149,4
76,174
37,155
14,160
173,159
47,82
80,135
105,14
70,143
106,94
189,10
185,66
3,37
199,122
170,60
129,66
90,147
180,87
169,24
129,39
68,87
48,101
1,58
21,44
138,196
193,151
79,128
96,115
14,155
79,36
156,164
178,163
72,43
159,113
52,50
126,127
97,93
38,51
7,53
57,72
29,156
145,172
150,149
153,107
47,156
110,24
145,16
32,5
197,133
38,7
100,142
106,112
51,123
128,165
41,107
23,127
189,107
64,177
108,27
172,60
181,39
127,48
195,8
46,119
75,54
133,106
70,98
120,14
90,45
11,144
196,153
57,122
119,25
198,192
76,70
117,151
124,53
139,165
102,114
23,44
6,136
82,25
186,172
13,129
108,134
88,160
178,121
145,97
172,42
161,119
116,116
138,194
190,93
16,38
98,159
42,152
197,163
49,89
171,38
109,175
46,177
60,97
91,166
7,152
66,199
178,8
14,52
77,46
188,48
49,36
196,158
32,175
152,171
70,183
118,152
105,143
54,78
54,159
93,117
183,68
108,161
176,39
2,8
143,128
9,56
58,181
131,173
187,60
1,157
125,180
108,131
12,194
13,70
178,181
137,33
91,70
24,196
102,113
162,140
110,45
10,6
39,141
178,53
193,60
192,162
6,96
146,129
169,136
45,136
187,38
82,142
97,11
4,162
191,108
181,160
76,12
174,71
197,181
11,170
151,114
102,190
167,163
37,45
68,12
2,128
69,47
97,183
199,121
104,191
143,134
198,174
188,135
75,16
9,198
79,127
132,127
198,51
76,186
122,5
83,175
63,0
137,173
179,111
73,23
34,120
143,62
124,45
49,50
106,61
37,167
139,94
163,190
143,26
0,176
134,67
17,53
82,195
78,22
66,192
125,88
9,144
33,16
168,105
140,100
139,181
194,78
194,89
197,33
68,97
21,139
34,41
134,23
156,87
3,151
111,79
145,186
1,10
65,82
164,113
8,38
25,143
47,58
160,186
9,155
117,1
35,96
71,192
103,31
125,74
186,104
198,178
87,10
20,3
31,197
163,178
146,70
13,160
112,79
124,10
136,52
65,116
117,71
124,144
5,193
147,107
87,160
188,135
57,103
130,89
59,65
132,79
123,146
187,124
3,116
67,125
188,1
190,139
10,154
170,81
127,22
166,3
5,142
11,158
49,2
98,148
16,157
117,81
131,106
39,46
88,94
177,135
157,160
107,132
122,76
89,92
103,180
97,191
94,70
8,75
149,178
196,153
167,171
89,111
77,42
176,147
118,193
101,118
121,91
33,163
5,65
108,40
139,33
95,141
103,173
95,40
35,51
144,194
156,55
113,18
113,189
26,77
14,188
197,155
97,145
127,194
73,198
107,170
196,69
87,1
124,152
70,106
50,85
29,115
172,156
123,174
64,25
107,48
87,175
162,186
179,166
192,114
157,74
183,37
83,194
87,93
142,124
99,10
81,7
183,40
107,51
183,2
18,67
4,32
19,148
3,91
84,187
188,45
125,172
40,51
121,38
193,105
24,69
75,9
147,1
50,53
75,120
179,32
91,66
27,16
174,134
188,108
166,41
100,127
77,106
20,109
39,24
45,56
199,172
114,143
130,89
144,39
158,54
35,183
185,118
50,48
113,163
178,174
49,25
160,75
33,21
44,62
99,194
19,187
144,19
65,46
64,160
116,108
103,128
4,100
7,44
151,190
102,147
36,86
188,64
188,149
16,173
74,160
142,24
51,14
161,41
161,134
36,29
112,132
130,100
98,151
119,98
124,109
13,21
10,159
37,174
66,199
20,159
145,143
138,6
62,23
101,182
52,171
144,121
137,2
108,40
95,197
9,78
103,144
51,132
34,112
187,67
26,93
15,170
50,127
16,100
148,121
106,179
50,113
111,140
103,193
146,55
133,42
145,177
104,85
6,117
39,179
52,175
126,146
194,113
107,118
56,108
143,179
169,13
72,114
106,69
155,73
41,190
133,39
45,151
191,67
25,146
199,26
36,163
3,74
8,61
13,102
45,40
31,165
82,96
129,46
21,40
75,153
81,51
144,172
167,86
85,61
18,134
98,129
111,51
46,193
66,31
144,160
145,126
63,157
19,17
92,146
170,120
149,199
35,157
175,58
2,29
128,64
56,35
138,16
114,189
95,4
142,164
131,76
71,85
55,47
112,118
125,19
29,14
10,24
155,63
135,87
158,22
175,8
71,117
156,78
14,116
163,119
151,37
158,90
75,142
89,34
128,163
188,90
21,45
163,181
111,52
82,199
18,15
186,177
159,88
107,34
171,2
115,195
1,140
11,137
111,1
50,8
27,123
69,131
137,170
148,4
71,164
56,49
23,143
112,89
190,80
197,15
115,157
66,37
175,126
23,59
191,129
37,116
69,120
40,141
103,7
107,26
154,21
176,73
197,149
174,129
84,5
54,178
111,109
95,186
133,117
86,28
32,76
78,165
21,19
172,151
168,50
11,112
175,142
50,37
192,90
13,182
83,137
15,108
154,33
43,85
45,4
156,163
152,68
171,125
147,129
130,81
195,6
171,143
62,84
19,11
117,154
123,147
57,116
133,116
85,25
34,150
40,143
111,163
48,185
79,167
81,158
133,41
189,50
89,31
93,92
118,160
109,189
67,107
82,145
147,172
172,180
139,80
141,18
73,166
64,137
184,108
112,85
168,92
73,19
112,101
14,156
163,18
154,123
37,84
109,73
6,182
141,56
72,81
20,198
181,5
194,197
9,117
80,183
141,73
192,82
195,151
25,65
129,18
138,88
115,88
73,59
29,139
84,126
50,60
43,70
40,145
33,62
161,102
10,195
83,37
68,188
92,180
180,168
7,195
78,105
187,182
137,76
3,79
107,17
192,79
34,20
91,124
13,123
80,74
20,154
97,74
112,64
172,119
25,147
49,147
107,122
196,0
196,22
14,61
0,13
44,175
178,195
88,191
98,198
21,54
37,199
41,105
31,105
145,194
184,55
83,79
11,142
70,194
186,84
164,69
151,15
189,95
74,126
65,12
62,158
102,71
117,87
56,159
3,126
62,190
67,84
182,26
51,105
77,52
95,45
107,155
9,180
156,88
178,182
92,25
103,85
81,16
27,120
163,63
155,81
98,139
43,198
83,60
98,83
129,134
133,145
109,71
86,139
84,71
1,114
4,114
41,65
2,146
80,170
128,30
24,155
55,117
51,32
182,153
62,30
155,81
164,49
156,92
156,113
104,135
92,153
83,36
46,97
72,167
32,33
43,147
113,137
142,70
2,33
57,46
84,143
63,167
187,6
70,72
193,104
96,131
178,66
38,114
15,7
37,5
180,190
62,126
178,175
98,42
4,104
87,88
126,115
37,151
128,164
48,98
4,112
142,34
96,144
77,145
44,136
96,104
62,159
180,31
25,184
101,13
48,115
6,181
185,11
73,102
149,134
116,61
90,61
12,191
52,19
110,101
109,38
198,143
91,109
98,180
156,177
130,97
165,109
31,93
49,112
122,197
172,138
164,173
179,25
156,196
127,153
195,150
124,120
144,105
21,32
54,132
122,148
142,196
29,57
172,148
92,8
45,127
147,17
188,87
48,150
74,115
17,3
100,165
140,177
80,149
183,93
27,132
152,32
180,25
85,157
69,7
187,128
55,95
62,138
3,174
8,53
95,67
89,170
58,75
131,56
131,183
120,136
179,101
87,116
156,26
24,59
118,173
147,84
59,146
99,32
121,196
102,126
122,12
15,9
39,80
36,166
139,169
49,95
40,9
8,168
98,29
108,17
96,13
106,118
99,129
20,40
84,64
12,64
89,162
4,28
101,78
131,100
141,120
196,93
147,104
186,121
147,33
139,111
82,119
66,146
135,166
50,181
134,52
13,86
138,110
59,90
11,143
173,41
162,113
15,14
48,20
129,124
160,72
189,180
146,96
187,74
68,30
176,26
92,114
6,81
169,53
137,73
111,135
164,144
178,81
89,71
89,9
136,196
162,45
131,12
172,63
96,138
199,153
9,100
10,76
79,70
48,96
126,193
103,164
140,49
192,126
137,53
90,34
37,95
83,36
67,176
170,67
102,61
160,28
132,137
93,185
85,142
104,135
64,82
147,50
50,112
107,38
183,131
58,105
43,156
63,28
34,130
54,121
26,78
32,0
51,42
96,177
67,175
124,174
43,115
177,54
54,26
75,88
131,139
184,142
193,179
118,17
157,186
87,10
27,14
57,87
157,170
94,51
179,29
34,79
74,48
129,148
73,99
159,41
36,149
170,193
53,61
189,30
165,127
57,194
5,196
150,8
65,7
50,12
1,184
33,3
42,85
76,149
182,77
109,51
192,143
100,135
124,197
157,103
148,149
3,139
30,196
18,190
165,29
17,86
61,162
73,109
191,175
146,63
33,196
76,41
9,17
197,143
42,165
9,111
100,173
176,137
76,148
108,90
158,169
8,82
51,4
67,31
58,148
106,188
46,58
82,148
184,142
140,111
114,191
9,143
52,84
163,25
72,63
179,79
53,185
82,133
113,62
105,122
63,136
61,49
39,63
10,184
79,27
6,142
142,196
132,159
167,169
138,91
123,184
117,79
87,13
31,2
47,108
19,195
192,97
130,132
145,179
161,186
29,134
35,78
44,147
178,73
85,66
59,100
40,27
54,153
81,118
21,25
192,101
181,68
119,179
137,4
55,111
96,179
138,85
38,24
69,151
130,147
145,48
36,16
114,40
187,187
49,60
105,64
191,185
3,138
71,35
84,164
82,181
1,14
102,108
117,97
98,122
90,70
97,110
56,143
196,175
75,162
16,185
32,68
58,79
197,177
75,4
28,157
155,18
84,111
173,188
191,43
171,10
0,14
88,199
101,193
197,99
24,80
25,187
161,172
102,35
63,30
68,96
154,142
12,150
3,180
27,186
5,86
61,146
74,103
190,99
154,91
197,125
127,109
151,169
69,16
111,79
190,73
169,134
48,26
75,41
153,12
169,183
170,173
37,18
183,99
4,116
87,191
89,133
191,139
50,129
119,79
197,126
36,3
196,16
197,82
31,25
190,39
32,141
90,49
144,45
182,130
69,81
53,94
186,24
82,88
105,34
72,98
48,92
155,119
193,186
147,137
141,0
72,124
48,59
98,152
147,168
57,51
128,182
108,31
42,167
173,8
19,82
67,40
119,15
123,78
180,17
196,37
85,184
158,157
179,11
87,188
174,27
173,88
55,193
82,13
116,154
165,42
179,153
140,87
75,43
127,129
131,118
35,121
90,127
85,156
81,66
176,165
178,39
102,176
12,193
151,162
85,78
177,29
86,143
109,119
150,146
95,52
104,38
21,145
75,182
80,48
42,91
60,188
52,178
147,186
172,85
118,140
114,10
177,184
156,163
37,1
65,81
13,156
151,127
125,59
197,168
59,192
37,30
83,178
173,108
66,12
32,141
102,63
169,119
13,56
47,180
41,58
81,0
42,72
40,186
131,72
157,145
140,181
123,152
19,3
182,16
170,143
154,144
190,125
144,107
65,19
143,179
132,77
99,33
128,134
185,143
59,27
128,14
173,91
18,194
43,160
142,71
77,181
174,51
87,106
88,0
173,13
152,115
1,91
160,182
34,94
10,63
15,5
66,143
164,156
37,148
78,142
75,176
101,41
123,39
47,143
126,181
88,21
2,20
170,165
24,22
104,46
21,5
78,196
28,111
91,42
180,0
43,192
188,12
144,193
34,18
188,93
77,180
93,145
17,153
197,178
72,18
51,53
13,170
198,80
88,102
85,26
161,191
50,152
75,177
148,159
198,91
39,193
157,69
166,178
54,151
148,110
92,143
155,81
138,191
192,19
156,11
177,102
9,115
13,177
170,193
66,60
2,172
85,16
41,136
184,91
179,165
88,29
147,104
91,15
1,132
98,26
147,26
40,85
114,3
76,100
96,168
67,137
199,101
189,141
0,87
121,33
45,147
189,104
62,84
170,148
189,56
23,74
197,100
35,104
178,187
71,94
125,132
24,158
2,30
120,39
22,116
87,137
42,144
122,86
67,196
58,87
78,45
1,153
149,127
35,199
104,59
46,163
189,141
36,156
111,124
81,152
121,158
22,191
64,139
22,11
4,146
139,138
159,105
174,14
193,76
28,196
44,143
104,62
149,108
28,116
170,49
191,60
23,199
195,121
137,191
43,121
192,138
118,52
108,189
125,39
21,110
144,7
137,93
32,16
5,139
158,198
143,109
195,199
162,157
82,21
94,26
10,166
154,15
129,96
96,97
104,68
130,169
44,194
154,176
159,28
116,151
141,34
86,22
128,159
148,52
54,140
199,107
84,26
189,100
133,171
198,174
46,143
99,181
46,175
3,180
103,188
106,126
164,118
74,11
186,186
128,192
9,64
30,4
65,171
141,148
42,60
88,176
18,183
18,111
154,102
81,84
91,12
100,49
76,199
63,107
177,175
65,90
67,0
24,108
66,139
115,40
188,58
19,122
161,38
151,161
55,67
15,27
67,162
177,42
176,141
155,124
114,65
0,136
1,182
108,90
43,97
96,35
66,76
66,100
89,75
17,132
45,190
196,66
25,105
46,83
176,150
199,94
163,124
45,103
85,187
42,138
100,91
71,17
2,168
194,137
149,152
172,77
188,66
43,40
146,170
195,59
34,122
181,128
97,156
105,89
142,153
79,99
41,28
171,9
104,93
24,100
130,119
78,9
127,147
165,193
91,186
66,2
38,149
53,110
9,42
133,56
147,86
30,123
186,50
155,154
107,131
131,137
13,114
117,32
177,63
127,100
17,44
75,174
61,128
170,66
63,153
77,52
162,57
170,113
140,194
68,179
122,186
15,10
37,192
38,195
63,47
161,39
152,110
126,179
24,171
25,35
187,192
165,192
4,171
131,167
148,7
66,46
157,156
8,116
186,146
3,65
83,111
158,67
50,4
6,156
141,186
8,40
40,56
179,28
145,141
169,123
183,127
54,168
26,26
96,2
76,190
173,35
75,183
137,106
159,189
59,88
76,10
80,21
116,7
44,36
52,136
123,51
185,88
184,78
189,11
136,174
152,23
134,122
158,183
22,25
25,17
72,128
186,49
31,53
84,122
196,34
53,167
56,136
162,0
63,60
137,108
45,143
169,163
30,165
198,98
66,119
75,108
36,167
105,15
57,143
90,184
100,83
85,156
119,104
155,74
70,8
79,199
17,164
151,171
151,183
196,69
106,125
154,119
191,38
46,198
35,51
189,61
184,106
64,93
113,117
168,140
60,133
94,196
91,97
196,127
17,121
35,118
149,52
55,102
75,190
0,87
91,87
140,177
121,196
158,87
135,59
158,30
156,31
182,121
3,186
165,130
115,8
148,71
52,147
96,42
99,24
3,19
102,111
60,94
101,94
139,96
58,60
173,171
5,40
4,17
51,165
146,124
17,36
191,169
41,169
103,75
81,70
69,85
51,46
198,108
94,102
7,42
146,169
116,123
59,148
105,190
6,141
9,46
121,4
88,52
150,158
73,19
147,95
111,7
15,171
21,181
161,99
90,6
106,69
22,36
155,13
59,145
175,85
150,188
171,47
117,40
196,158
65,119
182,175
68,140
166,79
116,2
60,95
67,84
170,81
94,116
82,87
108,178
5,76
101,178
195,161
182,43
72,198
2,194
18,27
129,98
35,104
195,39
25,74
54,92
123,43
102,119
123,7
22,23
193,5
126,177
8,119
21,139
171,197
139,33
54,56
172,20
175,95
73,87
172,57
154,18
138,129
47,122
193,104
172,117
53,80
115,166
72,25
92,128
159,60
19,40
49,76
115,55
194,163
114,167
46,10
184,96
173,199
141,91
47,170
145,102
180,122
37,36
27,127
104,97
92,36
32,51
195,65
73,168
128,123
20,172
77,157
161,172
156,30
141,129
28,48
130,72
167,33
190,181
59,115
164,70
23,187
0,115
17,186
151,194
125,110
79,23
165,113
122,191
115,113
101,40
94,25
117,87
65,13
165,29
18,168
45,39
42,26
77,55
1,39
54,57
143,31
91,77
155,46
7,62
53,2
41,52
85,67
60,90
20,82
184,29
193,82
74,116
88,183
58,45
182,52
81,124
50,169
32,116
127,15
191,185
108,19
88,129
180,101
108,23
153,113
159,129
197,131
59,74
10,174
107,167
11,187
159,84
159,149
61,132
10,188
139,185
95,170
51,174
141,69
163,89
159,110
60,83
84,34
97,28
173,174
17,10
176,131
67,105
93,89
20,125
95,74
75,20
195,90
190,109
139,55
150,24
119,177
16,109
123,114
130,29
189,92
192,0
48,197
22,39
57,174
6,41
133,103
6,38
30,36
46,41
143,196
62,21
7,82
96,49
120,148
98,147
170,154
128,23
187,97
194,23
141,141
100,21
54,5
124,185
5,92
170,133
50,92
180,68
51,142
4,58
83,93
162,64
148,188
67,181
162,31
122,116
137,159
171,73
168,188
196,96
158,165
192,104
60,100
133,8
186,56
55,69
34,164
143,112
89,87
166,62
188,162
185,192
90,196
126,154
71,7
49,105
14,137
153,63
170,71
68,115
53,192
143,113
42,77
92,51
88,60
53,54
90,194
51,16
164,62
47,1
192,20
159,165
3,163
126,93
143,152
50,40
17,60
121,183
15,0
142,81
118,46
96,63
73,64
71,109
77,114
13,0
80,11
12,66
29,198
34,15
37,114
55,119
183,97
30,170
74,116
20,62
137,64
23,153
115,128
193,162
138,100
62,134
114,30
186,167
58,162
180,157
92,140
183,16
53,143
146,159
43,15
98,161
132,29
11,126
118,14
136,115
32,144
133,24
129,67
132,51
159,168
21,170
44,185
199,197
95,62
134,101
179,14
2,60
76,110
25,77
58,165
79,132
106,73
28,187
90,81
189,107
126,10
187,85
130,33
105,8
169,147
106,90
1,51
145,132
91,79
2,135
68,62
37,180
199,113
79,148
115,62
180,123
37,22
145,112
144,145
30,62
125,66
80,97
22,94
86,65
96,161
83,77
61,27
133,135
30,39
1,112
180,3
154,63
53,183
115,68
111,23
177,169
173,79
85,44
93,160
104,65
6,66
54,62
73,19
28,183
84,128
107,192
110,33
4,88
63,127
124,74
39,196
72,87
93,106
153,178
121,23
47,27
2,41
190,81
74,10
69,67
154,121
139,80
38,0
61,184
26,182
180,147
38,9
113,100
13,56
51,0
54,158
76,77
73,27
23,137
140,122
80,117
9,146
25,182
76,117
88,79
149,106
56,186
163,100
152,176
124,11
166,34
182,140
175,82
1,199
189,46
16,141
43,90
66,90
26,131
48,188
107,22
179,2
89,117
77,46
31,194
144,149
149,46
127,190
98,38
12,141
159,180
30,120
192,131
94,141
141,194
117,150
115,12
37,95
96,117
68,50
190,110
117,57
58,52
0,174
156,0
154,18
143,103
4,148
121,64
39,120
13,191
81,126
172,173
173,104
21,142
77,16
6,164
80,118
56,123
173,147
88,72
14,54
133,21
174,87
59,35
112,47
120,177
72,171
188,197
52,139
77,18
115,107
176,196
109,148
192,103
163,30
177,129
153,68
9,24
28,18
129,141
121,125
27,131
158,131
51,69
41,23
7,165
130,53
40,59
103,72
183,179
44,120
147,20
144,119
163,109
61,150
18,192
152,49
3,141
129,126
106,0
109,198
107,90
130,140
121,181
98,91
174,5
161,59
183,54
135,2
53,199
22,153
197,185
6,105
125,95
88,36
67,102
34,16
55,59
55,7
99,73
111,46
22,127
150,183
177,68
93,119
136,54
182,120
194,23
154,186
161,79
10,177
22,49
181,187
162,66
187,166
144,54
170,144
5,93
124,171
128,160
126,134
34,105
96,7
46,3
2,35
62,3
116,189
146,40
10,50
125,39
197,138
154,123
153,165
27,117
10,114
62,85
145,126
40,29
185,67
25,148
146,71
109,147
80,56
119,1
138,37
177,171
95,83
12,2
171,27
18,30
41,23
48,155
96,183
167,139
105,157
122,28
114,175
99,99
10,89
24,107
155,118
50,179
90,120
122,111
38,99
34,78
95,136
138,13
150,107
189,62
118,80
165,89
27,107
142,173
74,118
82,38
171,107
3,95
117,68
165,138
195,103
175,36
107,162
32,95
118,153
135,153
47,105
186,86
53,128
90,31
105,50
67,45
2,51
88,62
154,167
8,0
129,125
8,36
17,152
160,162
103,123
77,32
120,95
195,52
131,97
174,125
121,196
77,184
164,13
130,141
17,159
104,47
190,60
107,59
144,168
101,184
112,106
109,14
135,68
143,115
116,42
92,49
35,48
121,115
28,184
95,20
11,75
170,87
30,144
80,157
80,166
198,17
90,113
115,184
152,157
12,102
139,192
134,146
46,151
155,66
64,81
76,96
16,153
166,96
151,136
140,4
52,50
145,46
110,142
78,88
88,98
141,190
109,71
108,149
165,42
120,29
75,125
38,0
144,48
59,47
182,189
12,166
20,147
30,66
98,40
0,90
87,187
75,14
172,183
141,143
10,10
38,82
13,148
127,26
188,81
100,199
114,186
139,140
22,171
139,177
93,145
93,130
106,190
103,56
96,105
101,145
85,93
155,31
141,189
132,126
93,99
151,64
73,18
71,68
148,23
70,115
186,169
192,110
151,136
57,21
194,156
84,142
152,44
51,59
147,25
24,81
32,60
14,109
141,95
158,145
68,40
34,84
108,164
173,172
184,164
131,171
52,104
97,198
62,54
158,170
148,49
58,20
137,13
63,169
60,132
187,199
161,54
92,192
64,32
179,103
87,140
34,81
106,130
7,8
95,142
161,92
83,56
3,143
37,80
31,166
183,97
159,116
30,39
121,189
137,164
86,10
42,7
109,161
194,91
88,131
179,144
157,18
115,157
137,63
18,186
7,84
175,127
153,105
154,197
121,72
10,27
34,93
162,26
99,98
51,69
144,16
198,2
114,194
147,109
66,123
124,77
164,194
163,88
22,177
151,133
26,111
169,14
192,121
26,153
64,7
139,78
8,28
110,136
116,101
94,180
77,84
62,132
21,136
6,77
95,19
48,5
152,61
94,176
4,76
134,199
84,151
50,110
21,15
151,35
20,33
8,93
65,28
150,159
127,124
91,61
136,125
93,95
186,134
155,5
47,151
41,185
25,176
82,176
23,32
168,53
47,123
14,145
176,195
45,41
104,73
128,173
181,49
24,189
195,80
8,131
28,92
78,187
131,142
52,107
39,175
125,28
35,10
172,192
139,175
85,7
20,7
30,197
128,137
142,10
196,140
146,157
17,63
68,92
190,32
175,86
177,149
40,67
102,75
30,151
108,130
147,141
39,6
47,178
64,160
35,37
159,2
142,75
197,182
161,14
136,31
24,71
40,20
116,111
39,100
159,179
118,78
136,37
47,125
106,167
155,182
137,188
198,12
125,111
0,16
19,47
23,93
133,183
41,90
144,75
71,103
114,96
177,156
106,58
68,192
75,170
21,28
117,129
125,140
27,196
188,55
43,171
130,47
1,70
120,160
85,53
143,102
188,121
33,170
42,126
135,127
86,182
110,13
70,65
89,143
3,32
136,39
70,24
182,29
32,50
81,169
84,188
36,101
188,102
98,138
121,130
65,45
13,193
143,176
178,160
55,36
89,136
62,98
73,79
100,113
178,69
128,189
3,53
103,99
79,121
125,29
174,137
150,162
173,100
183,127
6,129
171,57
193,65
134,71
165,124
199,46
73,145
81,55
85,26
175,60
80,45
67,75
109,76
130,191
164,157
9,102
99,156
108,102
68,153
70,61
15,70
3,15
174,88
24,160
95,165
143,61
44,109
134,141
180,86
111,182
22,84
13,32
170,143
44,182
111,64
31,99
41,53
70,99
180,60
70,49
34,127
189,56
182,16
36,59
159,72
28,192
121,169
14,161
73,163
41,197
194,52
49,165
114,148
124,70
80,4
179,159
198,50
82,85
54,72
2,146
113,129
9,153
130,195
60,35
109,109
56,4
11,109
73,31
186,10
60,131
34,106
145,142
51,41
94,152
92,47
113,104
16,80
106,58
160,92
35,1
112,61
24,86
76,47
44,94
112,154
168,176
139,129
24,88
100,10
110,104
34,161
175,71
125,26
161,59
1,94
171,41
195,193
177,186
188,121
191,128
58,73
165,199
80,10
102,39
179,134
22,6
132,30
168,95
106,41
54,19
115,178
22,58
146,30
187,144
162,63
31,102
170,9
119,82
101,67
166,24
145,194
43,105
37,29
169,35
187,55
64,150
157,114
195,178
33,18
92,37
143,152
1,57
90,161
186,26
89,66
11,82
136,75
101,188
2,29
129,99
156,15
68,158
57,155
82,28
70,155
55,117
7,62
14,105
103,45
25,179
54,120
41,195
44,135
19,179
41,167
7,41
53,196
181,114
50,95
156,184
74,62
63,122
127,79
42,28
137,57
154,75
159,164
52,69
74,25
83,99
100,141
55,131
46,12
143,121
127,148
162,176
6,82
165,157
16,38
109,13
120,17
174,64
123,55
133,75
5,10
53,18
185,115
94,116
163,68
133,159
33,181
76,68
20,174
26,107
108,138
183,60
22,86
86,43
154,98
115,99
129,169
140,70
160,76
191,169
157,192
46,33
2,162
22,45
155,98
104,41
13,35
109,21
165,142
39,130
100,190
80,31
81,58
26,126
76,110
0,8
21,199
87,32
138,149
188,10
82,42
88,41
38,139
95,86
138,190
196,134
132,70
53,147
26,155
109,46
110,168
21,70
192,53
176,18
161,139
40,39
43,100
76,24
123,9
62,155
135,69
132,94
41,75
49,193
195,145
169,83
130,183
154,131
84,63
59,24
145,139
101,38
85,177
35,197
127,91
47,97
141,96
143,184
53,142
130,84
3,181
42,102
135,2
170,1
135,158
37,93
187,166
48,111
63,167
96,47
75,49
167,82
51,84
98,139
86,92
115,118
185,54
156,33
75,64
42,27
130,40
178,157
90,42
174,156
153,47
115,64
112,175
166,75
136,182
37,80
168,23
148,36
145,134
176,182
100,160
149,123
61,171
73,181
77,152
147,62
17,2
184,135
64,143
151,104
163,55
110,112
158,160
102,26
51,177
134,46
181,36
25,69
21,77
128,138
132,96
53,70
63,107
41,107
131,49
169,36
72,189
113,10
74,189
140,23
15,15
194,199
97,13
39,105
100,6
196,121
15,15
64,195
92,62
197,165
118,103
159,142
12,197
57,19
171,133
15,133
170,82
80,162
102,90
51,185
27,53
44,24
52,179
63,147
136,190
183,35
83,31
20,13
37,65
1,62
15,175
106,43
37,73
15,120
130,176
41,136
178,152
154,53
53,183
97,66
185,54
59,7
130,197
180,162
57,74
58,195
39,44
77,84
123,182
66,107
163,12
58,88
131,54
0,52
72,52
138,158
50,4
163,58
26,156
88,187
80,85
87,93
73,186
76,193
25,72
82,95
50,43
88,170
42,160
198,64
81,185
133,8
53,133
160,102
107,118
190,61
117,68
176,196
54,197
184,54
138,75
160,9
183,119
101,135
23,0
9,156
63,160
130,166
133,40
80,188
74,26
165,91
23,114
49,27
138,148
191,66
58,144
193,14
88,41
22,140
182,183
49,59
80,133
60,99
27,73
46,17
195,58
99,80
196,185
40,82
131,162
138,135
27,8
98,77
106,171
94,54
132,107
78,16
83,152
137,121
141,113
74,96
140,178
133,161
59,138
28,102
138,116
29,15
94,1
124,29
87,57
194,53
120,12
185,11
80,37
121,119
111,72
135,73
23,147
180,107
196,129
189,188
140,171
56,127
132,42
127,75
35,114
11,30
195,19
131,163
104,179
161,33
53,148
91,198
31,173
46,107
183,62
155,43
68,48
64,192
90,189
121,60
167,112
64,100
199,77
84,144
126,100
0,139
9,149
139,4
160,158
10,154
123,197
123,84
94,115
146,113
83,117
17,25
120,31
171,62
8,72
80,72
56,56
149,180
64,87
23,191
119,38
50,174
198,54
171,137
145,192
88,180
191,85
101,52
128,116
87,173
180,192
106,70
180,142
54,43
118,152
140,179
181,83
57,163
0,140
111,89
189,78
48,193
113,197
171,93
97,190
138,40
43,29
91,97
169,180
130,171
163,180
53,195
102,52
4,87
87,170
110,114
173,91
29,33
191,79
191,159
155,92
163,69
97,62
85,181
175,11
193,64
44,75
2,163
78,1
128,183
185,101
187,127
109,102
0,145
27,192
15,99
26,102
1,55
89,132
149,0
60,29
46,102
74,86
129,68
88,124
57,53
50,110
118,142
139,137
142,54
125,48
57,7
84,90
25,149
101,55
136,17
81,9
13,150
17,136
196,29
83,3
169,124
88,126
2,4
100,96
72,19
183,69
0,26
87,16
163,54
22,39
161,2
116,161
110,6
101,93
83,31
46,103
15,133
21,168
158,171
175,87
15,11
80,17
31,124
151,188
157,142
50,136
159,189
91,58
109,172
168,59
190,135
20,134
152,197
94,8
77,19
126,156
27,31
115,199
72,11
101,30
136,151
174,159
139,178
182,102
71,58
195,127
7,189
168,103
51,99
23,177
72,91
104,185
97,89
195,60
186,175
67,158
148,85
152,56
161,157
179,74
59,45
157,175
96,11
142,156
1,66
39,173
3,117
60,15
111,199
69,150
87,36
137,38
164,99
122,75
143,199
19,66
4,137
183,148
151,168
196,122
182,26
4,64
54,29
183,132
21,128
59,167
1,40
10,75
60,154
28,177
176,107
20,175
52,27
78,34
62,35
188,181
50,55
30,129
151,113
130,39
87,26
50,1
16,9
172,175
130,167
127,25
138,199
0,174
160,73
104,103
197,139
180,143
72,63
98,5
137,181
145,61
184,172
67,188
139,126
2,54
182,26
40,133
43,28
94,60
77,129
90,93
78,135
107,126
136,107
2,127
172,129
96,72
77,29
178,32
196,174
13,122
176,59
108,180
136,199
85,85
199,29
158,47
39,103
130,134
109,131
115,122
171,20
158,11
84,183
124,92
53,69
48,99
97,47
28,155
84,55
159,172
132,183
48,62
161,125
85,163
79,24
126,144
80,189
194,179
194,194
